0 509
1 1118
2 899
3 1006
4 1006
5 1006
6 1008
7 907
8 1006
9 1007
10 1006
11 1005
12 1005
13 1003
14 1004
15 1007
16 1005
17 1005
18 1004
19 1005
20 1008
21 1007
22 1006
23 907
24 1005
25 1005
26 992
27 1006
28 1006
29 1006
30 1004
31 1007
32 1008
33 1006
34 1005
35 1005
36 1034
37 906
38 1005
39 1005
40 1004
41 1007
42 1006
43 1005
44 1002
45 1006
46 1007
47 1005
48 1005
49 1007
50 1004
51 1005
52 1003
53 1004
54 898
55 1015
56 1009
57 1006
58 1005
59 1005
60 1005
61 1005
62 1006
63 1004
64 1005
65 1006
66 1009
67 1008
68 1007
69 1004
70 905
71 1004
72 1005
73 1008
74 1006
75 1003
76 1008
77 1005
78 1007
79 1004
80 1006
81 1005
82 1005
83 1005
84 1005
85 1006
86 920
87 1007
88 1006
89 1006
90 1005
91 1005
92 1005
93 1005
94 1008
95 1005
96 968
97 1006
98 1006
99 1005
100 1005
101 1006
102 1006
103 1006
104 1006
105 1005
106 897
107 1014
108 1005
109 1006
110 1004
111 1114
112 895
113 1006
114 1005
115 1007
116 1008
117 1005
118 1005
119 1005
120 1007
121 1005
122 1005
123 906
124 1004
125 1005
126 1025
127 1006
128 1006
129 1003
130 1007
131 1004
132 1006
133 1005
134 1004
135 1005
136 1008
137 904
138 1006
139 1005
140 1005
141 1003
142 1006
143 1004
144 1004
145 1004
146 1007
147 1004
148 1005
149 1005
150 1004
151 1005
152 1013
153 1003
154 896
155 1012
156 1009
157 1004
158 1006
159 1004
160 1003
161 1005
162 1005
163 1005
164 1004
165 1004
166 1023
167 1006
168 1005
169 896
170 1014
171 1004
172 1004
173 1005
174 1004
175 1006
176 1029
177 1006
178 1007
179 1004
180 1005
181 1004
182 1005
183 896
184 1011
185 1005
186 1005
187 1005
188 1004
189 1005
190 1005
191 1005
192 1006
193 1004
194 1005
195 1005
196 1009
197 1006
198 1005
199 1005
200 1005
201 1003
202 907
203 1006
204 1004
205 1005
206 1004
207 1006
208 1006
209 1004
210 1005
211 1004
212 1006
213 1004
214 1007
215 1005
216 1006
217 1005
218 1004
219 896
220 1012
221 1006
222 1004
223 1004
224 1004
225 1005
226 1007
227 1006
228 1005
229 1006
230 1003
231 1005
232 1004
233 1005
234 1003
235 1005
236 928
237 1008
238 1004
239 1004
240 1004
241 1005
242 1004
243 1004
244 1004
245 1005
246 1006
247 1005
248 1006
249 1005
250 1002
251 1005
252 1005
253 895
254 1015
255 1004
256 1006
257 1005
258 1005
259 1004
260 1004
261 1004
262 1005
263 1004
264 1005
265 1003
266 1006
267 1004
268 1004
269 1006
270 1004
271 1003
272 1005
273 906
274 1003
275 1004
276 1007
277 1006
278 1003
279 1006
280 1004
281 1004
282 1005
283 1004
284 1005
285 1005
286 1007
287 1006
288 1005
289 1005
290 1004
291 896
292 1014
293 1004
294 1005
295 1003
296 1006
297 1005
298 1006
299 1005
300 1005
301 1005
302 1006
303 1005
304 1004
305 1003
306 1007
307 1004
308 1005
309 1003
310 897
311 1014
312 1005
313 1005
314 1005
315 1005
316 1015
317 1005
318 1003
319 1006
320 1004
321 1005
322 1005
323 1005
324 1005
325 1005
326 1006
327 906
328 1004
329 1007
330 1003
331 1005
332 1005
333 1004
334 1004
335 1006
336 1007
337 1005
338 1006
339 1004
340 1004
341 1005
342 1004
343 1005
344 896
345 1014
346 1004
347 1005
348 1005
349 1004
350 1005
351 1003
352 1004
353 1005
354 1004
355 1004
356 1007
357 1006
358 1006
359 1005
360 1007
361 1005
362 1005
363 894
364 1014
365 1005
366 1006
367 1007
368 1005
369 1004
370 1005
371 1005
372 1006
373 1003
374 1006
375 1004
376 1006
377 1005
378 1006
379 1005
380 1005
381 904
382 1006
383 1005
384 1005
385 1003
386 1006
387 1005
388 1006
389 1004
390 1003
391 1004
392 1004
393 1004
394 1004
395 1004
396 1007
397 1008
398 1004
399 924
400 1004
401 1005
402 1005
403 1004
404 1004
405 1006
406 1022
407 1005
408 1004
409 1004
410 1005
411 1004
412 1003
413 904
414 1004
415 1005
416 1006
417 1005
418 1004
419 1006
420 1005
421 1005
422 1005
423 1006
424 1006
425 1004
426 1026
427 906
428 1005
429 1004
430 1005
431 1005
432 1006
433 1005
434 1006
435 1004
436 958
437 1005
438 1005
439 1004
440 1005
441 1004
442 1006
443 1004
444 1005
445 1005
446 1005
447 1005
448 1007
449 1004
450 1005
451 1006
452 1004
453 896
454 1012
455 1004
456 1006
457 1005
458 1005
459 1005
460 1005
461 1005
462 1005
463 1006
464 1004
465 1004
466 1008
467 1005
468 1005
469 1003
470 1006
471 1006
472 903
473 1005
474 1003
475 1003
476 1005
477 1003
478 1005
479 1004
480 1005
481 1005
482 1006
483 1004
484 1004
485 1005
486 1006
487 1005
488 1005
489 1002
490 1003
491 1006
492 895
493 1013
494 1004
495 1004
496 1006
497 1007
498 1005
499 1004
500 1005
501 1004
502 1004
503 1006
504 1003
505 1004
506 1008
507 1005
508 1003
509 1005
510 1004
511 896
512 1014
513 1004
514 1005
515 1006
516 1013
517 1005
518 1004
519 1004
520 1004
521 1004
522 1004
523 1006
524 1004
525 1005
526 1007
527 1005
528 896
529 1015
530 1004
531 1004
532 1006
533 1005
534 1005
535 1006
536 1007
537 1006
538 1006
539 1003
540 1005
541 1004
542 1005
543 1005
544 1005
545 1005
546 897
547 1014
548 1004
549 1005
550 1004
551 1007
552 1004
553 1006
554 1006
555 1005
556 1008
557 1004
558 1005
559 1004
560 1005
561 1004
562 1005
563 1005
564 896
565 1015
566 1007
567 1004
568 1005
569 1004
570 1007
571 1004
572 1006
573 1005
574 1004
575 1005
576 1008
577 1006
578 1003
579 1005
580 1005
581 896
582 1013
583 1004
584 1004
585 1006
586 1006
587 1005
588 1006
589 1003
590 1006
591 1005
592 1004
593 1004
594 1005
595 1005
596 1006
597 1006
598 1004
599 1005
600 895
601 1013
602 1004
603 1006
604 1005
605 1004
606 1006
607 1006
608 1004
609 1006
610 1005
611 1005
612 1005
613 1005
614 1005
615 1004
616 1007
617 1004
618 896
619 1013
620 1006
621 1003
622 1005
623 1003
624 1005
625 1005
626 1005
627 1006
628 1004
629 1004
630 1004
631 1005
632 1004
633 1005
634 1005
635 1004
636 1012
637 905
638 1004
639 1006
640 1003
641 1005
642 1004
643 1003
644 1006
645 1003
646 1008
647 1004
648 1003
649 1004
650 1004
651 1004
652 1003
653 1004
654 1005
655 1005
656 1004
657 897
658 1013
659 1003
660 1005
661 1005
662 1004
663 1113
664 897
665 1004
666 1005
667 1006
668 1004
669 1004
670 1004
671 1005
672 1004
673 1003
674 1004
675 1004
676 903
677 1014
678 1006
679 1005
680 1005
681 1004
682 1004
683 1005
684 1004
685 1004
686 1007
687 1006
688 1003
689 1006
690 1003
691 1005
692 1005
693 1004
694 1003
695 905
696 1010
697 1004
698 1004
699 1005
700 1005
701 1006
702 1004
703 1004
704 1005
705 1005
706 1007
707 1005
708 1006
709 1005
710 1005
711 1004
712 1004
713 904
714 1006
715 1006
716 906
717 1107
718 1004
719 1005
720 1004
721 1007
722 1005
723 1004
724 1002
725 1004
726 1008
727 1004
728 1005
729 1005
730 896
731 1013
732 1005
733 1005
734 1004
735 1005
736 1007
737 1005
738 1004
739 1005
740 1005
741 1005
742 1004
743 1004
744 1004
745 1004
746 1006
747 1007
748 1005
749 904
750 1005
751 1005
752 1003
753 1004
754 1004
755 1005
756 1008
757 1004
758 1004
759 1004
760 1006
761 1005
762 1003
763 1005
764 1005
765 1004
766 1006
767 1005
768 895
769 1014
770 1005
771 1005
772 1005
773 1005
774 1006
775 1004
776 1007
777 1006
778 1005
779 1003
780 1005
781 1004
782 1006
783 1002
784 1005
785 1003
786 1006
787 905
788 1004
789 1003
790 1006
791 1003
792 1004
793 1006
794 1003
795 1007
796 1012
797 1005
798 1006
799 1004
800 1006
801 1006
802 1004
803 1004
804 1005
805 908
806 1007
807 1005
808 1001
809 1005
810 1006
811 1004
812 1004
813 1006
814 1004
815 1005
816 1010
817 1004
818 1004
819 1004
820 1005
821 1003
822 1004
823 905
824 1006
825 1003
826 1007
827 1005
828 1005
829 1005
830 1004
831 1006
832 1004
833 1005
834 1006
835 1004
836 915
837 1107
838 896
839 1015
840 1005
841 1003
842 1005
843 1004
844 1005
845 1004
846 1006
847 1006
848 1005
849 1005
850 1005
851 1004
852 1005
853 1005
854 1005
855 1004
856 1009
857 895
858 1013
859 1006
860 1004
861 1006
862 1003
863 1006
864 1003
865 1004
866 1009
867 1005
868 1005
869 1004
870 1005
871 1006
872 1005
873 1003
874 1005
875 1004
876 1008
877 897
878 1006
879 1004
880 1004
881 1004
882 1005
883 1004
884 1005
885 1004
886 1006
887 1005
888 1006
889 1005
890 1004
891 1004
892 1003
893 1005
894 1005
895 1004
896 1011
897 895
898 1004
899 1007
900 1004
901 1004
902 1005
903 1005
904 1004
905 1006
906 1007
907 1005
908 1005
909 1006
910 1005
911 1023
912 905
913 1004
914 1004
915 1004
916 1007
917 998
918 1005
919 1006
920 1005
921 1005
922 1005
923 1006
924 1004
925 1004
926 1006
927 1005
928 1004
929 1006
930 898
931 1014
932 1004
933 1005
934 1004
935 1005
936 1009
937 1007
938 1006
939 1004
940 1006
941 1004
942 1004
943 1006
944 1004
945 1004
946 1008
947 896
948 1014
949 1004
950 1006
951 1005
952 1005
953 1004
954 1004
955 1005
956 1006
957 1005
958 1004
959 1005
960 1007
961 1004
962 1003
963 1005
964 1005
965 1005
966 897
967 1014
968 1005
969 1004
970 1004
971 1005
972 1004
973 1004
974 1004
975 1004
976 1006
977 1005
978 1005
979 1004
980 1005
981 1005
982 1005
983 1005
984 1004
985 895
986 1015
987 1005
988 1004
989 1004
990 1006
991 1004
992 1004
993 1006
994 1004
995 1005
996 1006
997 1004
998 1006
999 1004
1000 1005
1001 1004
1002 1003
1003 1005
1004 896
1005 1013
1006 1004
1007 1005
1008 1004
1009 1005
1010 1004
1011 1003
1012 1004
1013 1005
1014 1004
1015 1004
1016 1008
1017 1006
1018 1006
1019 1003
1020 1005
1021 1004
1022 1003
1023 1004
1024 895
1025 1015
1026 1007
1027 1007
1028 1005
1029 1004
1030 1004
1031 1005
1032 1005
1033 1004
1034 1005
1035 1003
1036 1007
1037 1015
1038 1006
1039 1004
1040 897
1041 1014
1042 1005
1043 1004
1044 1005
1045 1004
1046 1007
1047 1005
1048 1005
1049 1004
1050 1005
1051 1005
1052 1004
1053 1005
1054 1004
1055 1005
1056 1005
1057 1004
1058 1004
1059 895
1060 1015
1061 1004
1062 1003
1063 1004
1064 1005
1065 1003
1066 1007
1067 1006
1068 1005
1069 1005
1070 1005
1071 1005
1072 1005
1073 1004
1074 1005
1075 1003
1076 1009
1077 1005
1078 905
1079 1005
1080 1006
1081 1003
1082 1004
1083 1005
1084 1005
1085 1004
1086 1005
1087 1006
1088 1004
1089 1004
1090 1004
1091 1005
1092 1005
1093 1005
1094 1005
1095 1005
1096 1010
1097 905
1098 1004
1099 1005
1100 1006
1101 1003
1102 1005
1103 1006
1104 1004
1105 1005
1106 1006
1107 1006
1108 1005
1109 1006
1110 1005
1111 1006
1112 1004
1113 1004
1114 905
1115 1007
1116 989
1117 1021
1118 1005
1119 1003
1120 1005
1121 1004
1122 1004
1123 1006
1124 1004
1125 1004
1126 1006
1127 1007
1128 1005
1129 1005
1130 1003
1131 1005
1132 897
1133 1014
1134 1006
1135 1006
1136 1007
1137 1007
1138 1004
1139 1005
1140 1004
1141 1005
1142 1004
1143 1004
1144 1005
1145 1005
1146 1006
1147 1005
1148 1005
1149 1004
1150 906
1151 1005
1152 1004
1153 1007
1154 1004
1155 1002
1156 1007
1157 1006
1158 1003
1159 1006
1160 1005
1161 1004
1162 1004
1163 1004
1164 1005
1165 1004
1166 1007
1167 1004
1168 898
1169 1014
1170 1005
1171 1003
1172 1005
1173 1005
1174 1004
1175 1005
1176 1007
1177 1005
1178 1005
1179 1003
1180 1005
1181 1003
1182 1004
1183 1004
1184 1005
1185 1005
1186 1006
1187 898
1188 1014
1189 1004
1190 1004
1191 1005
1192 1004
1193 1004
1194 1005
1195 1005
1196 1006
1197 1006
1198 1005
1199 1004
1200 1004
1201 1005
1202 1006
1203 1004
1204 1004
1205 1006
1206 895
1207 1016
1208 1006
1209 1006
1210 1005
1211 1004
1212 1006
1213 1004
1214 1004
1215 1006
1216 1007
1217 1006
1218 1005
1219 1004
1220 1004
1221 1005
1222 1003
1223 1004
1224 906
1225 1006
1226 1004
1227 1025
1228 1004
1229 1005
1230 1005
1231 1004
1232 1004
1233 1007
1234 1005
1235 1005
1236 980
1237 1020
1238 1004
1239 1005
1240 896
1241 1016
1242 1003
1243 1006
1244 1004
1245 1005
1246 1004
1247 1025
1248 1005
1249 1004
1250 1005
1251 1004
1252 1007
1253 1003
1254 1004
1255 1006
1256 905
1257 1005
1258 1005
1259 1006
1260 1003
1261 1004
1262 1006
1263 1006
1264 1005
1265 1004
1266 1026
1267 1001
1268 1004
1269 1006
1270 1003
1271 895
1272 1014
1273 1004
1274 1005
1275 1004
1276 1005
1277 1008
1278 1004
1279 1006
1280 1004
1281 1004
1282 1004
1283 1006
1284 1005
1285 1003
1286 1017
1287 1005
1288 905
1289 1003
1290 1005
1291 1004
1292 1005
1293 1004
1294 1004
1295 1003
1296 1005
1297 1006
1298 1005
1299 1005
1300 1006
1301 1005
1302 1006
1303 1004
1304 1005
1305 1004
1306 1011
1307 906
1308 1004
1309 1004
1310 1004
1311 1005
1312 1006
1313 1003
1314 1003
1315 1004
1316 1002
1317 1005
1318 1008
1319 1007
1320 1005
1321 1006
1322 1003
1323 1005
1324 1005
1325 907
1326 1005
1327 1007
1328 1006
1329 1005
1330 1004
1331 1007
1332 1006
1333 1003
1334 1005
1335 1005
1336 1005
1337 1025
1338 896
1339 1014
1340 1005
1341 1004
1342 1004
1343 1004
1344 1004
1345 1004
1346 1005
1347 977
1348 1005
1349 1003
1350 1006
1351 1006
1352 1004
1353 1005
1354 1003
1355 1006
1356 1005
1357 1006
1358 1005
1359 1005
1360 1003
1361 1004
1362 1006
1363 1004
1364 905
1365 1004
1366 1003
1367 1007
1368 1005
1369 1004
1370 1005
1371 1003
1372 1004
1373 1004
1374 1005
1375 1004
1376 1004
1377 1006
1378 1005
1379 1004
1380 1005
1381 1007
1382 1003
1383 906
1384 1004
1385 1005
1386 1006
1387 1006
1388 1006
1389 1005
1390 1005
1391 1006
1392 1005
1393 1005
1394 1005
1395 1004
1396 1006
1397 1007
1398 1004
1399 1005
1400 896
1401 1014
1402 1004
1403 1005
1404 1004
1405 1006
1406 1004
1407 1004
1408 1006
1409 1005
1410 1007
1411 1006
1412 1004
1413 1004
1414 1004
1415 1004
1416 1005
1417 1006
1418 896
1419 1016
1420 1004
1421 1006
1422 1004
1423 1026
1424 1006
1425 1005
1426 1005
1427 1007
1428 1004
1429 1003
1430 1005
1431 1007
1432 895
1433 1013
1434 1004
1435 1005
1436 1005
1437 1025
1438 1004
1439 1005
1440 1003
1441 1005
1442 1003
1443 1005
1444 1003
1445 1003
1446 1005
1447 1007
1448 898
1449 1014
1450 1006
1451 1005
1452 1006
1453 1004
1454 1004
1455 1004
1456 1004
1457 1028
1458 1006
1459 1004
1460 1005
1461 1004
1462 1003
1463 1003
1464 895
1465 1014
1466 1004
1467 1007
1468 1007
1469 1005
1470 1006
1471 1003
1472 1006
1473 1005
1474 1004
1475 1006
1476 1005
1477 1007
1478 1005
1479 1006
1480 1005
1481 905
1482 1003
1483 1005
1484 1005
1485 1003
1486 1004
1487 1006
1488 1005
1489 1005
1490 1006
1491 1005
1492 1002
1493 1005
1494 1004
1495 1005
1496 1004
1497 1007
1498 1005
1499 1004
1500 896
1501 1015
1502 1004
1503 1004
1504 1004
1505 1003
1506 1004
1507 1007
1508 1005
1509 1007
1510 1004
1511 1005
1512 1006
1513 1004
1514 1003
1515 1005
1516 1005
1517 1005
1518 899
1519 1015
1520 1004
1521 1003
1522 1006
1523 1004
1524 1007
1525 1003
1526 1006
1527 1005
1528 1005
1529 1004
1530 1005
1531 1004
1532 1006
1533 1005
1534 1003
1535 1005
1536 1003
1537 912
1538 1006
1539 1005
1540 1004
1541 1005
1542 1003
1543 1004
1544 1004
1545 1005
1546 1003
1547 1006
1548 1005
1549 1006
1550 1004
1551 1004
1552 1004
1553 1004
1554 1005
1555 1005
1556 905
1557 1007
1558 1005
1559 1004
1560 1006
1561 1004
1562 1004
1563 1005
1564 1004
1565 1004
1566 1006
1567 1008
1568 1004
1569 1004
1570 1004
1571 1004
1572 1004
1573 1004
1574 896
1575 1013
1576 1006
1577 1008
1578 1005
1579 1005
1580 1004
1581 1004
1582 1004
1583 1006
1584 1005
1585 1005
1586 1003
1587 1006
1588 1005
1589 1006
1590 1004
1591 1004
1592 1005
1593 895
1594 1013
1595 1005
1596 1005
1597 1006
1598 1005
1599 1004
1600 1006
1601 1005
1602 1006
1603 1004
1604 1005
1605 1003
1606 1006
1607 1004
1608 1005
1609 1005
1610 1005
1611 1004
1612 1003
1613 905
1614 1006
1615 1004
1616 1004
1617 1005
1618 1007
1619 1004
1620 1005
1621 1006
1622 1005
1623 1005
1624 1006
1625 1004
1626 1005
1627 1006
1628 1005
1629 1004
1630 1003
1631 904
1632 1006
1633 1005
1634 1003
1635 1005
1636 1005
1637 1009
1638 1006
1639 1004
1640 1005
1641 1003
1642 1005
1643 1005
1644 1005
1645 1004
1646 1005
1647 1006
1648 898
1649 1014
1650 1005
1651 1003
1652 1005
1653 1004
1654 1004
1655 1005
1656 1002
1657 1030
1658 1004
1659 1003
1660 1005
1661 1005
1662 1004
1663 1004
1664 896
1665 1013
1666 1004
1667 1008
1668 1004
1669 1005
1670 1005
1671 1006
1672 1006
1673 1005
1674 1004
1675 1004
1676 1005
1677 1008
1678 1004
1679 1004
1680 1004
1681 1005
1682 895
1683 1014
1684 1006
1685 1006
1686 1004
1687 1008
1688 1004
1689 1005
1690 1006
1691 1004
1692 1005
1693 1005
1694 1004
1695 1005
1696 1003
1697 1006
1698 1005
1699 1005
1700 907
1701 1005
1702 1004
1703 1004
1704 1006
1705 1003
1706 1004
1707 1007
1708 1004
1709 1004
1710 1003
1711 1006
1712 1006
1713 1004
1714 1004
1715 1005
1716 1005
1717 1005
1718 1006
1719 894
1720 1014
1721 1004
1722 1003
1723 1004
1724 1005
1725 1005
1726 1006
1727 1007
1728 1007
1729 1005
1730 1005
1731 1003
1732 1005
1733 1005
1734 1005
1735 1006
1736 1005
1737 913
1738 1004
1739 1004
1740 1004
1741 1006
1742 1005
1743 1004
1744 1005
1745 1004
1746 1005
1747 1005
1748 1005
1749 1004
1750 1005
1751 1004
1752 1004
1753 1004
1754 1005
1755 896
1756 1013
1757 1006
1758 1005
1759 1005
1760 1004
1761 1005
1762 1004
1763 1004
1764 1004
1765 1004
1766 1004
1767 1015
1768 1006
1769 1004
1770 1004
1771 1004
1772 1006
1773 895
1774 1014
1775 1004
1776 1003
1777 1006
1778 1006
1779 1004
1780 1003
1781 1004
1782 1005
1783 1004
1784 1004
1785 1003
1786 1005
1787 1007
1788 1007
1789 1006
1790 1005
1791 1004
1792 894
1793 1014
1794 1005
1795 1005
1796 1005
1797 1005
1798 1006
1799 1005
1800 1004
1801 1006
1802 1004
1803 1005
1804 1002
1805 1004
1806 1004
1807 1007
1808 1004
1809 1004
1810 1006
1811 895
1812 1016
1813 1003
1814 1004
1815 1003
1816 1005
1817 1007
1818 1005
1819 1004
1820 1005
1821 1005
1822 1005
1823 1005
1824 1005
1825 1005
1826 1004
1827 1007
1828 1004
1829 1006
1830 905
1831 1004
1832 1003
1833 1004
1834 1005
1835 1005
1836 1005
1837 1007
1838 1006
1839 1004
1840 1006
1841 1005
1842 1003
1843 1004
1844 1006
1845 1003
1846 1005
1847 1007
1848 896
1849 1015
1850 1003
1851 1004
1852 1005
1853 1005
1854 1004
1855 1004
1856 1003
1857 1025
1858 1006
1859 1004
1860 1005
1861 1004
1862 1005
1863 1003
1864 896
1865 1015
1866 1004
1867 1005
1868 1005
1869 1004
1870 1003
1871 1006
1872 1004
1873 1005
1874 1005
1875 1006
1876 1005
1877 1005
1878 1005
1879 1005
1880 1005
1881 1004
1882 1005
1883 895
1884 1015
1885 1004
1886 1004
1887 1007
1888 1004
1889 1004
1890 1004
1891 1004
1892 1004
1893 1006
1894 1003
1895 1003
1896 1005
1897 1006
1898 1005
1899 1005
1900 1004
1901 1005
1902 1004
1903 895
1904 1014
1905 1004
1906 1004
1907 1007
1908 1005
1909 1003
1910 1004
1911 1005
1912 1003
1913 1005
1914 1004
1915 1005
1916 1004
1917 1010
1918 1005
1919 1005
1920 1004
1921 1004
1922 895
1923 1015
1924 1005
1925 1005
1926 1003
1927 1006
1928 1005
1929 1003
1930 1004
1931 1006
1932 1005
1933 1004
1934 1006
1935 1022
1936 1006
1937 910
1938 1006
1939 1005
1940 1005
1941 1005
1942 1004
1943 1006
1944 1007
1945 1005
1946 1003
1947 1007
1948 1003
1949 1006
1950 1004
1951 1005
1952 1004
1953 1005
1954 1003
1955 895
1956 1014
1957 1006
1958 1004
1959 1005
1960 1003
1961 1005
1962 1005
1963 1003
1964 1006
1965 1004
1966 1005
1967 1005
1968 1005
1969 1004
1970 1004
1971 1006
1972 1005
1973 1005
1974 895
1975 1013
1976 1006
1977 1007
1978 1005
1979 1005
1980 1004
1981 1006
1982 1005
1983 1004
1984 1005
1985 1004
1986 1004
1987 1008
1988 1005
1989 1005
1990 1005
1991 1004
1992 896
1993 1013
1994 1004
1995 1004
1996 1006
1997 1006
1998 1004
1999 1004
2000 1005
2001 1007
2002 1003
2003 1005
2004 1005
2005 1005
2006 1006
2007 1006
2008 1007
2009 1004
2010 896
2011 1013
2012 1005
2013 1005
2014 1005
2015 1005
2016 1004
2017 1006
2018 1005
2019 1005
2020 1007
2021 1004
2022 1005
2023 1004
2024 1003
2025 1005
2026 1004
2027 1005
2028 1004
2029 897
2030 1014
2031 1005
2032 1004
2033 1004
2034 1004
2035 1006
2036 1003
2037 1006
2038 1005
2039 1004
2040 1005
2041 1004
2042 1005
2043 1005
2044 1004
2045 1005
2046 1005
2047 1006
2048 895
2049 1015
2050 1005
2051 1004
2052 1006
2053 1004
2054 1005
2055 1002
2056 1004
2057 1020
2058 1005
2059 1004
2060 1004
2061 1004
2062 1005
2063 1005
2064 1004
2065 896
2066 1014
2067 1008
2068 1003
2069 1004
2070 1005
2071 1006
2072 1003
2073 1006
2074 1006
2075 1005
2076 1005
2077 1005
2078 1005
2079 1006
2080 1004
2081 1004
2082 1005
2083 895
2084 1015
2085 1004
2086 1007
2087 1006
2088 1005
2089 1004
2090 1003
2091 1005
2092 1005
2093 1005
2094 1004
2095 1006
2096 1006
2097 1006
2098 1006
2099 1005
2100 1005
2101 896
2102 1015
2103 1005
2104 1004
2105 1005
2106 1004
2107 1006
2108 1005
2109 1005
2110 1005
2111 1004
2112 1004
2113 1004
2114 1005
2115 1004
2116 1003
2117 1005
2118 1008
2119 1005
2120 896
2121 1013
2122 1004
2123 1006
2124 1005
2125 1005
2126 1005
2127 1008
2128 1005
2129 1004
2130 1006
2131 1005
2132 1005
2133 1005
2134 1006
2135 1005
2136 1006
2137 894
2138 1012
2139 1005
2140 1005
2141 1003
2142 1003
2143 1004
2144 1005
2145 1004
2146 1005
2147 1006
2148 1005
2149 1005
2150 1003
2151 1004
2152 1005
2153 1006
2154 1005
2155 1002
2156 1006
2157 1006
2158 905
2159 1005
2160 1003
2161 1005
2162 1004
2163 1004
2164 1004
2165 1003
2166 1003
2167 1008
2168 1006
2169 1005
2170 1003
2171 1005
2172 1004
2173 1005
2174 1004
2175 1004
2176 1003
2177 911
2178 1005
2179 1005
2180 1006
2181 1002
2182 1005
2183 1005
2184 1004
2185 1004
2186 1005
2187 1006
2188 1004
2189 1004
2190 1005
2191 1004
2192 1005
2193 1004
2194 1005
2195 1005
2196 896
2197 1012
2198 1005
2199 1006
2200 1004
2201 1006
2202 1004
2203 1005
2204 1004
2205 1003
2206 1003
2207 1006
2208 1005
2209 1004
2210 1005
2211 1004
2212 1005
2213 1004
2214 1004
2215 1005
2216 895
2217 1022
2218 1004
2219 1006
2220 1006
2221 1005
2222 1004
2223 1005
2224 1003
2225 1004
2226 1004
2227 1008
2228 1004
2229 1004
2230 1004
2231 1004
2232 1004
2233 1004
2234 906
2235 1005
2236 1005
2237 1010
2238 1004
2239 1005
2240 1007
2241 1006
2242 1003
2243 1007
2244 1006
2245 1006
2246 1004
2247 1008
2248 1006
2249 1005
2250 905
2251 1005
2252 1003
2253 1005
2254 1004
2255 1004
2256 1006
2257 1021
2258 1004
2259 1006
2260 1005
2261 1004
2262 1006
2263 1004
2264 1005
2265 1006
2266 907
2267 1003
2268 1006
2269 1005
2270 1004
2271 1003
2272 1005
2273 1005
2274 1006
2275 1007
2276 1004
2277 1007
2278 1004
2279 1005
2280 1006
2281 1005
2282 1004
2283 1004
2284 895
2285 1014
2286 1005
2287 1004
2288 1004
2289 1006
2290 1005
2291 1004
2292 1005
2293 1003
2294 1005
2295 1005
2296 1004
2297 1007
2298 1006
2299 1003
2300 1005
2301 1004
2302 1004
2303 895
2304 1015
2305 1005
2306 1007
2307 1008
2308 1007
2309 1006
2310 1005
2311 1004
2312 1004
2313 1003
2314 1005
2315 1006
2316 1006
2317 1007
2318 1004
2319 1005
2320 896
2321 1014
2322 1005
2323 1005
2324 1004
2325 1005
2326 1005
2327 1005
2328 1004
2329 1007
2330 1004
2331 1004
2332 1004
2333 1005
2334 1006
2335 1006
2336 1005
2337 1005
2338 898
2339 1014
2340 1004
2341 1005
2342 1004
2343 1006
2344 1005
2345 1005
2346 1004
2347 1006
2348 1006
2349 1005
2350 1004
2351 1005
2352 1004
2353 1004
2354 1005
2355 1004
2356 1005
2357 906
2358 1005
2359 1004
2360 1005
2361 1004
2362 1006
2363 1004
2364 1004
2365 1005
2366 1005
2367 1007
2368 1005
2369 1005
2370 1006
2371 1004
2372 1005
2373 1004
2374 1005
2375 905
2376 1004
2377 1007
2378 1007
2379 1005
2380 1004
2381 1004
2382 1004
2383 1004
2384 1006
2385 1004
2386 1004
2387 1007
2388 1005
2389 1004
2390 1005
2391 1005
2392 1005
2393 896
2394 1014
2395 1006
2396 1005
2397 1006
2398 1004
2399 1005
2400 1006
2401 1005
2402 1004
2403 1006
2404 1004
2405 1005
2406 1006
2407 1006
2408 1004
2409 1005
2410 1004
2411 896
2412 1014
2413 1003
2414 1005
2415 1006
2416 1004
2417 1007
2418 1006
2419 1005
2420 1006
2421 1004
2422 1006
2423 1004
2424 1004
2425 1004
2426 1004
2427 1005
2428 1005
2429 897
2430 1014
2431 1004
2432 1005
2433 1005
2434 1005
2435 1005
2436 1005
2437 1009
2438 1008
2439 1004
2440 1005
2441 1005
2442 1004
2443 1006
2444 1005
2445 1005
2446 1004
2447 947
2448 1005
2449 1006
2450 1006
2451 1004
2452 1005
2453 1005
2454 1004
2455 1005
2456 1004
2457 1004
2458 905
2459 1005
2460 1004
2461 1006
2462 1003
2463 1005
2464 1005
2465 1004
2466 1004
2467 1007
2468 1005
2469 1005
2470 1004
2471 1005
2472 1002
2473 1005
2474 1005
2475 1004
2476 1005
2477 897
2478 1014
2479 1003
2480 1005
2481 1004
2482 1004
2483 1003
2484 1004
2485 1006
2486 1006
2487 1004
2488 1006
2489 1004
2490 1006
2491 1005
2492 1004
2493 1006
2494 1004
2495 1006
2496 906
2497 1006
2498 1005
2499 1006
2500 1004
2501 1006
2502 1004
2503 1004
2504 1004
2505 1005
2506 1004
2507 1015
2508 1005
2509 1006
2510 1004
2511 1006
2512 897
2513 1015
2514 1005
2515 1004
2516 1004
2517 1008
2518 1006
2519 1005
2520 1005
2521 1004
2522 1004
2523 1006
2524 1004
2525 1004
2526 1004
2527 1005
2528 1005
2529 1004
2530 896
2531 1014
2532 1004
2533 1004
2534 1005
2535 1004
2536 1005
2537 1060
2538 1007
2539 895
2540 1015
2541 1005
2542 1004
2543 1004
2544 1004
2545 1006
2546 1004
2547 1007
2548 1005
2549 1005
2550 1004
2551 1005
2552 1004
2553 1004
2554 1006
2555 1003
2556 1005
2557 1006
2558 908
2559 1003
2560 1005
2561 1005
2562 1006
2563 1005
2564 1005
2565 1005
2566 1004
2567 1006
2568 1004
2569 1006
2570 1003
2571 1005
2572 1006
2573 1005
2574 1004
2575 1006
2576 904
2577 1006
2578 1006
2579 1005
2580 1003
2581 1005
2582 1005
2583 1005
2584 1006
2585 1004
2586 1005
2587 1005
2588 1004
2589 1004
2590 1003
2591 1005
2592 1006
2593 1004
2594 1004
2595 894
2596 1013
2597 1007
2598 1005
2599 1005
2600 1005
2601 1005
2602 1003
2603 1005
2604 1005
2605 1004
2606 1006
2607 1005
2608 1005
2609 1005
2610 1004
2611 1004
2612 1002
2613 1004
2614 1004
2615 896
2616 1015
2617 1006
2618 1005
2619 1004
2620 1006
2621 1004
2622 1006
2623 1004
2624 1005
2625 1004
2626 1005
2627 1008
2628 1005
2629 1005
2630 1003
2631 1005
2632 1003
2633 896
2634 1014
2635 1005
2636 1004
2637 1005
2638 1006
2639 1005
2640 1003
2641 1005
2642 1006
2643 1004
2644 1007
2645 1004
2646 1004
2647 1007
2648 1004
2649 1005
2650 1005
2651 897
2652 1013
2653 1004
2654 1005
2655 1004
2656 1005
2657 909
2658 1108
2659 1005
2660 1006
2661 1004
2662 1004
2663 1004
2664 1004
2665 1005
2666 1005
2667 1008
2668 1004
2669 897
2670 1014
2671 1005
2672 1004
2673 1005
2674 1004
2675 1004
2676 1004
2677 1007
2678 1005
2679 1004
2680 1005
2681 1004
2682 1004
2683 1005
2684 1005
2685 1004
2686 1005
2687 1006
2688 904
2689 1004
2690 1005
2691 1005
2692 1004
2693 1004
2694 1005
2695 1004
2696 1003
2697 1008
2698 1004
2699 1005
2700 1003
2701 1004
2702 1005
2703 1004
2704 1005
2705 1002
2706 1003
2707 1006
2708 894
2709 1013
2710 1006
2711 1004
2712 1005
2713 1003
2714 1005
2715 1004
2716 1004
2717 1017
2718 1004
2719 1004
2720 1005
2721 1005
2722 1006
2723 1003
2724 1005
2725 1004
2726 896
2727 1115
2728 897
2729 1004
2730 1003
2731 1004
2732 1005
2733 1005
2734 1005
2735 1004
2736 1004
2737 931
2738 1106
2739 1006
2740 1005
2741 1005
2742 905
2743 1005
2744 1005
2745 1006
2746 1005
2747 1006
2748 1006
2749 1004
2750 1006
2751 1004
2752 1004
2753 1005
2754 1005
2755 1005
2756 1006
2757 1005
2758 1005
2759 897
2760 1014
2761 1005
2762 1005
2763 1006
2764 1004
2765 1004
2766 1004
2767 1008
2768 1007
2769 1007
2770 1005
2771 1004
2772 1006
2773 1005
2774 1004
2775 1005
2776 897
2777 1115
2778 899
2779 1004
2780 1004
2781 1004
2782 1004
2783 1006
2784 1005
2785 1005
2786 1005
2787 1006
2788 1005
2789 1005
2790 1005
2791 1005
2792 1005
2793 1005
2794 1005
2795 1004
2796 897
2797 1116
2798 896
2799 1005
2800 1004
2801 1005
2802 1004
2803 1004
2804 1004
2805 1004
2806 1005
2807 1006
2808 1004
2809 1004
2810 1006
2811 1005
2812 1004
2813 1004
2814 1003
2815 1005
2816 1005
2817 1013
2818 896
2819 1004
2820 1008
2821 1005
2822 1004
2823 1004
2824 1006
2825 1002
2826 1006
2827 1006
2828 1004
2829 1006
2830 1005
2831 1004
2832 1003
2833 1005
2834 1005
2835 896
2836 1114
2837 1015
2838 896
2839 1005
2840 1004
2841 1005
2842 1005
2843 1003
2844 1005
2845 1004
2846 1006
2847 1006
2848 1005
2849 1006
2850 1006
2851 1005
2852 1006
2853 895
2854 1014
2855 1006
2856 1004
2857 1022
2858 1000
2859 1004
2860 1005
2861 1004
2862 1004
2863 1005
2864 1004
2865 1004
2866 1004
2867 1006
2868 1004
2869 1005
2870 895
2871 1115
2872 905
2873 1004
2874 1004
2875 1004
2876 1005
2877 1007
2878 1006
2879 1005
2880 1004
2881 1006
2882 1005
2883 1002
2884 1005
2885 1005
2886 1003
2887 1007
2888 1005
2889 896
2890 1014
2891 1004
2892 1006
2893 1004
2894 1004
2895 1004
2896 1004
2897 1006
2898 1005
2899 1005
2900 1004
2901 1005
2902 1003
2903 1003
2904 1005
2905 1006
2906 1003
2907 1007
2908 1003
2909 906
2910 1006
2911 1005
2912 1003
2913 1004
2914 1004
2915 1005
2916 1003
2917 1011
2918 1006
2919 1007
2920 1004
2921 1005
2922 1005
2923 1004
2924 1005
2925 1005
2926 1004
2927 906
2928 1006
2929 1005
2930 1004
2931 1005
2932 1005
2933 1004
2934 1005
2935 1002
2936 1005
2937 1006
2938 1015
2939 1005
2940 1004
2941 1004
2942 1005
2943 1005
2944 904
2945 1005
2946 1005
2947 1008
2948 1007
2949 1005
2950 1003
2951 1004
2952 1003
2953 1005
2954 1005
2955 1005
2956 1005
2957 1006
2958 1005
2959 932
2960 1005
2961 1004
2962 1004
2963 1005
2964 1005
2965 1005
2966 1004
2967 1025
2968 1006
2969 1004
2970 1005
2971 1005
2972 1005
2973 905
2974 1003
2975 1005
2976 1006
2977 1005
2978 1006
2979 1005
2980 1005
2981 1004
2982 1006
2983 1004
2984 1004
2985 1005
2986 1005
2987 1010
2988 1005
2989 1003
2990 906
2991 1007
2992 1006
2993 1006
2994 1003
2995 1005
2996 1004
2997 1006
2998 1006
2999 1006
3000 1003
3001 1003
3002 1004
3003 1004
3004 1004
3005 1004
3006 1005
3007 1007
3008 895
3009 1014
3010 1005
3011 1003
3012 1006
3013 1003
3014 1005
3015 1004
3016 1005
3017 1006
3018 1006
3019 1004
3020 1006
3021 1004
3022 1003
3023 1005
3024 1004
3025 1006
3026 1004
3027 920
3028 1007
3029 1004
3030 1004
3031 1006
3032 1003
3033 1005
3034 1006
3035 1005
3036 1005
3037 1005
3038 1006
3039 1005
3040 1006
3041 1004
3042 897
3043 1013
3044 1008
3045 1006
3046 1006
3047 1006
3048 1006
3049 1004
3050 1003
3051 1004
3052 1006
3053 1004
3054 1006
3055 1003
3056 1005
3057 930
3058 1022
3059 1004
3060 1004
3061 1005
3062 1005
3063 1004
3064 1005
3065 1004
3066 1004
3067 1008
3068 1005
3069 1006
3070 1007
3071 1003
3072 905
3073 1004
3074 1005
3075 1005
3076 1005
3077 1007
3078 1007
3079 1003
3080 1005
3081 1004
3082 1006
3083 1004
3084 1006
3085 1004
3086 1005
3087 1008
3088 1006
3089 905
3090 1004
3091 1006
3092 1005
3093 1004
3094 1005
3095 1005
3096 1005
3097 1004
3098 1007
3099 1003
3100 1003
3101 1005
3102 1003
3103 1006
3104 1004
3105 1004
3106 1004
3107 1005
3108 896
3109 1014
3110 1004
3111 1004
3112 1003
3113 1006
3114 1004
3115 1006
3116 1003
3117 1007
3118 1005
3119 1004
3120 1007
3121 1004
3122 1003
3123 1006
3124 1005
3125 1006
3126 1003
3127 896
3128 1017
3129 1008
3130 1003
3131 1005
3132 1003
3133 1005
3134 1005
3135 1004
3136 1004
3137 1001
3138 1022
3139 1004
3140 1004
3141 1005
3142 1006
3143 896
3144 1016
3145 1005
3146 1006
3147 1004
3148 1022
3149 1004
3150 1003
3151 1006
3152 1003
3153 1005
3154 1015
3155 1005
3156 1004
3157 894
3158 1015
3159 1005
3160 1005
3161 1004
3162 1004
3163 1005
3164 1007
3165 1004
3166 1005
3167 1021
3168 1005
3169 1005
3170 1003
3171 1004
3172 1113
3173 788
3174 1014
3175 1005
3176 1005
3177 1003
3178 1007
3179 1003
3180 1005
3181 1005
3182 1005
3183 1004
3184 1006
3185 1005
3186 1004
3187 1011
3188 1007
3189 1005
3190 896
3191 1012
3192 1005
3193 1004
3194 1004
3195 1004
3196 1004
3197 1004
3198 1006
3199 1006
3200 1005
3201 1003
3202 1005
3203 1006
3204 1005
3205 1006
3206 1006
3207 1006
3208 1006
3209 906
3210 1006
3211 1004
3212 1005
3213 1004
3214 1005
3215 1003
3216 1003
3217 1004
3218 1006
3219 1007
3220 1004
3221 1006
3222 1003
3223 1004
3224 1005
3225 1006
3226 1004
3227 1010
3228 905
3229 1004
3230 1004
3231 1005
3232 1005
3233 1005
3234 1004
3235 1004
3236 1005
3237 1005
3238 1007
3239 1007
3240 1003
3241 1006
3242 1005
3243 1004
3244 1003
3245 896
3246 1015
3247 1004
3248 1007
3249 1004
3250 1006
3251 1004
3252 1003
3253 1005
3254 1004
3255 1005
3256 1006
3257 1006
3258 942
3259 1007
3260 1004
3261 1004
3262 1005
3263 1004
3264 1004
3265 1004
3266 1004
3267 1004
3268 1006
3269 1005
3270 1005
3271 1005
3272 1006
3273 1005
3274 1004
3275 1004
3276 895
3277 1013
3278 1007
3279 1005
3280 1007
3281 1005
3282 1004
3283 1005
3284 1005
3285 1006
3286 1004
3287 1005
3288 1008
3289 1004
3290 1006
3291 1005
3292 1003
3293 1004
3294 896
3295 1016
3296 1004
3297 1003
3298 1004
3299 1005
3300 1007
3301 1003
3302 1005
3303 1005
3304 1006
3305 1005
3306 1005
3307 1004
3308 1007
3309 1006
3310 1006
3311 1004
3312 897
3313 1012
3314 1005
3315 1004
3316 1006
3317 1003
3318 1007
3319 1007
3320 1004
3321 1005
3322 1005
3323 1005
3324 1005
3325 1006
3326 1005
3327 1006
3328 1006
3329 1006
3330 905
3331 1004
3332 1004
3333 1005
3334 1006
3335 1005
3336 1005
3337 1005
3338 1003
3339 1005
3340 1003
3341 1005
3342 1006
3343 1003
3344 1005
3345 1003
3346 1004
3347 1005
3348 966
3349 1006
3350 1005
3351 1003
3352 1005
3353 1005
3354 1004
3355 1004
3356 896
3357 1014
3358 1004
3359 1005
3360 1004
3361 1004
3362 1005
3363 1005
3364 1004
3365 1006
3366 1004
3367 1004
3368 1005
3369 1005
3370 1005
3371 1005
3372 1003
3373 1005
3374 1005
3375 1006
3376 907
3377 1004
3378 1005
3379 1006
3380 1005
3381 1003
3382 1004
3383 1004
3384 1005
3385 1005
3386 1003
3387 1003
3388 1007
3389 1005
3390 1003
3391 1005
3392 1004
3393 1005
3394 1003
3395 896
3396 1013
3397 1004
3398 1008
3399 1006
3400 1003
3401 1004
3402 1005
3403 1005
3404 1004
3405 1005
3406 1006
3407 1003
3408 1006
3409 1005
3410 1006
3411 1005
3412 1004
3413 1004
3414 896
3415 1012
3416 1006
3417 1004
3418 1006
3419 1004
3420 1005
3421 1003
3422 1004
3423 1005
3424 1005
3425 1004
3426 1005
3427 1005
3428 1015
3429 1004
3430 1004
3431 1004
3432 906
3433 1004
3434 1005
3435 1004
3436 1002
3437 1002
3438 1006
3439 1008
3440 1003
3441 1004
3442 1004
3443 1004
3444 1004
3445 1006
3446 1004
3447 1004
3448 1016
3449 1007
3450 905
3451 1005
3452 1004
3453 1004
3454 1005
3455 1004
3456 1004
3457 1005
3458 1005
3459 1005
3460 1004
3461 1004
3462 1004
3463 1004
3464 1005
3465 1003
3466 1005
3467 1004
3468 932
3469 1005
3470 1005
3471 1025
3472 1004
3473 1006
3474 1004
3475 1006
3476 1005
3477 1005
3478 920
3479 1006
3480 1005
3481 1004
3482 1007
3483 1005
3484 1005
3485 1004
3486 1005
3487 1005
3488 1006
3489 1006
3490 1004
3491 1004
3492 1005
3493 1005
3494 1003
3495 905
3496 1006
3497 1006
3498 1007
3499 1004
3500 1006
3501 1004
3502 1007
3503 1003
3504 1005
3505 1005
3506 1004
3507 1006
3508 1005
3509 1005
3510 1004
3511 1004
3512 1005
3513 905
3514 1005
3515 1005
3516 1005
3517 1003
3518 1007
3519 1005
3520 1005
3521 1004
3522 1005
3523 1003
3524 1006
3525 1005
3526 1004
3527 1005
3528 1006
3529 1007
3530 1006
3531 896
3532 1015
3533 1006
3534 1007
3535 1004
3536 1004
3537 1007
3538 1006
3539 1003
3540 1005
3541 1005
3542 1005
3543 1004
3544 1006
3545 1006
3546 1004
3547 1005
3548 973
3549 1005
3550 1003
3551 1005
3552 1003
3553 1004
3554 1006
3555 895
3556 1012
3557 1005
3558 1029
3559 1006
3560 1005
3561 1006
3562 1004
3563 1004
3564 1004
3565 1004
3566 1004
3567 1004
3568 1008
3569 896
3570 1014
3571 1004
3572 1005
3573 1006
3574 1003
3575 1006
3576 1006
3577 1003
3578 1008
3579 1005
3580 1004
3581 1005
3582 1005
3583 1006
3584 1006
3585 1005
3586 1005
3587 895
3588 1016
3589 1006
3590 1004
3591 1005
3592 1006
3593 1004
3594 1006
3595 1005
3596 1007
3597 1004
3598 1007
3599 1004
3600 1004
3601 1005
3602 1004
3603 1005
3604 1005
3605 895
3606 1016
3607 1004
3608 1007
3609 1006
3610 1004
3611 1006
3612 1003
3613 1005
3614 1006
3615 1004
3616 1004
3617 1005
3618 1006
3619 1004
3620 1004
3621 1006
3622 1005
3623 896
3624 1015
3625 1005
3626 1005
3627 1005
3628 1007
3629 1005
3630 1005
3631 1005
3632 1004
3633 1006
3634 1005
3635 1005
3636 1003
3637 1004
3638 1005
3639 1005
3640 1003
3641 1004
3642 903
3643 1005
3644 1005
3645 1007
3646 1004
3647 1004
3648 1009
3649 1006
3650 1004
3651 1005
3652 1005
3653 1004
3654 1005
3655 1006
3656 1006
3657 1004
3658 916
3659 1005
3660 1007
3661 1006
3662 1006
3663 1004
3664 1004
3665 1005
3666 1005
3667 1003
3668 1007
3669 1006
3670 1005
3671 1004
3672 1005
3673 1004
3674 1005
3675 897
3676 1014
3677 1005
3678 1005
3679 1006
3680 1004
3681 1005
3682 1005
3683 1005
3684 1005
3685 1003
3686 1005
3687 1006
3688 1006
3689 1006
3690 1005
3691 1005
3692 1005
3693 896
3694 1014
3695 1003
3696 1006
3697 1004
3698 1006
3699 1006
3700 1005
3701 1005
3702 1003
3703 1005
3704 1005
3705 1004
3706 1003
3707 1005
3708 1006
3709 1006
3710 1004
3711 1006
3712 904
3713 1004
3714 1005
3715 1006
3716 1005
3717 1005
3718 1007
3719 1006
3720 1004
3721 1004
3722 1005
3723 1008
3724 1115
3725 896
3726 1004
3727 1006
3728 1006
3729 896
3730 1013
3731 1006
3732 1004
3733 1006
3734 1003
3735 1005
3736 1006
3737 1005
3738 1007
3739 1005
3740 1006
3741 1005
3742 1003
3743 1004
3744 1005
3745 1004
3746 1004
3747 896
3748 1061
3749 1004
3750 1005
3751 1005
3752 1005
3753 1003
3754 1005
3755 1005
3756 1005
3757 1005
3758 905
3759 1005
3760 1005
3761 1004
3762 1005
3763 1004
3764 1004
3765 1007
3766 1005
3767 1006
3768 1007
3769 1005
3770 1005
3771 1003
3772 1004
3773 1004
3774 1005
3775 1005
3776 896
3777 1014
3778 1006
3779 1005
3780 1005
3781 1006
3782 1005
3783 1003
3784 1005
3785 1004
3786 1004
3787 1004
3788 1007
3789 1006
3790 1004
3791 1005
3792 1002
3793 1006
3794 1003
3795 896
3796 1014
3797 1005
3798 1004
3799 1004
3800 1005
3801 1006
3802 1004
3803 1005
3804 1007
3805 1005
3806 1005
3807 1003
3808 1011
3809 1005
3810 1005
3811 1005
3812 1005
3813 905
3814 1005
3815 1004
3816 1005
3817 1005
3818 1007
3819 1005
3820 1004
3821 1006
3822 1005
3823 1005
3824 1004
3825 1006
3826 1004
3827 1004
3828 1007
3829 1004
3830 1005
3831 905
3832 1004
3833 1005
3834 1005
3835 1005
3836 1004
3837 1003
3838 1007
3839 1008
3840 1004
3841 1005
3842 1004
3843 1005
3844 1005
3845 1004
3846 1006
3847 1002
3848 1006
3849 896
3850 1013
3851 1005
3852 1004
3853 1004
3854 1004
3855 1006
3856 1005
3857 1003
3858 1008
3859 1005
3860 1005
3861 1005
3862 1005
3863 1003
3864 1005
3865 1005
3866 1005
3867 1004
3868 916
3869 1005
3870 1005
3871 1004
3872 1003
3873 1004
3874 1004
3875 1005
3876 1005
3877 1005
3878 1005
3879 1004
3880 1004
3881 1005
3882 1006
3883 1003
3884 1006
3885 1003
3886 896
3887 1013
3888 1005
3889 1005
3890 1005
3891 1005
3892 1004
3893 1005
3894 1003
3895 1004
3896 1006
3897 1003
3898 1006
3899 1007
3900 1005
3901 1006
3902 1005
3903 1005
3904 1005
3905 904
3906 1004
3907 1007
3908 1007
3909 1004
3910 1007
3911 1003
3912 1004
3913 1006
3914 1005
3915 1004
3916 1005
3917 1005
3918 1006
3919 1006
3920 1005
3921 1005
3922 1004
3923 896
3924 1014
3925 1004
3926 1005
3927 1004
3928 1007
3929 1005
3930 1005
3931 1005
3932 1003
3933 1004
3934 1004
3935 1006
3936 1005
3937 1006
3938 1007
3939 1005
3940 1003
3941 896
3942 1015
3943 1003
3944 1006
3945 1005
3946 1005
3947 1002
3948 1012
3949 1004
3950 1004
3951 1005
3952 1006
3953 1004
3954 1005
3955 1004
3956 1005
3957 1004
3958 1009
3959 905
3960 1005
3961 1005
3962 1004
3963 1004
3964 1005
3965 1004
3966 1004
3967 1005
3968 1006
3969 1006
3970 1005
3971 1004
3972 1005
3973 1005
3974 1006
3975 1004
3976 1004
3977 896
3978 1016
3979 1004
3980 1006
3981 1004
3982 1006
3983 1023
3984 1006
3985 1005
3986 1003
3987 1004
3988 1007
3989 1004
3990 1005
3991 1005
3992 895
3993 1015
3994 1005
3995 1003
3996 1005
3997 1004
3998 1024
3999 1005
4000 1005
4001 1005
4002 1006
4003 1006
4004 1003
4005 1004
4006 1005
4007 895
4008 1016
4009 1005
4010 1004
4011 1004
4012 1004
4013 1006
4014 1004
4015 1004
4016 1005
4017 1003
4018 1011
4019 1005
4020 1004
4021 1004
4022 1005
4023 1004
4024 1004
4025 1005
4026 896
4027 1012
4028 1007
4029 1005
4030 1005
4031 1004
4032 1005
4033 1004
4034 1004
4035 1004
4036 1005
4037 1005
4038 1012
4039 1004
4040 1005
4041 1004
4042 1004
4043 1006
4044 894
4045 1013
4046 1004
4047 1004
4048 1005
4049 1005
4050 1005
4051 1005
4052 1005
4053 1005
4054 1005
4055 1003
4056 1006
4057 1005
4058 1013
4059 1006
4060 1005
4061 1004
4062 905
4063 1005
4064 1004
4065 1004
4066 1005
4067 1008
4068 987
4069 1006
4070 1003
4071 1004
4072 1004
4073 1004
4074 1005
4075 1004
4076 1005
4077 1004
4078 1028
4079 1006
4080 905
4081 1004
4082 1005
4083 1004
4084 1003
4085 1004
4086 1004
4087 1004
4088 1007
4089 1006
4090 1005
4091 1005
4092 1004
4093 1006
4094 1002
4095 1005
4096 1005
4097 1004
4098 913
4099 1005
4100 1006
4101 1004
4102 1005
4103 1007
4104 1005
4105 1005
4106 1004
4107 1005
4108 1006
4109 1005
4110 1004
4111 1004
4112 1005
4113 1006
4114 1003
4115 1005
4116 895
4117 1014
4118 1004
4119 1006
4120 1005
4121 1006
4122 1005
4123 1005
4124 1004
4125 1004
4126 1004
4127 1004
4128 1004
4129 1006
4130 1005
4131 1004
4132 1004
4133 1004
4134 1005
4135 1004
4136 905
4137 1005
4138 1022
4139 1005
4140 1004
4141 1004
4142 1005
4143 1005
4144 1004
4145 1005
4146 1003
4147 1004
4148 1006
4149 1005
4150 1005
4151 1004
4152 906
4153 1003
4154 1005
4155 1005
4156 1003
4157 1005
4158 1006
4159 1005
4160 1005
4161 1005
4162 1005
4163 1005
4164 1005
4165 1004
4166 1006
4167 1005
4168 1006
4169 1004
4170 1006
4171 904
4172 1006
4173 1006
4174 1003
4175 1004
4176 1005
4177 1005
4178 1004
4179 1003
4180 1003
4181 1005
4182 1005
4183 1004
4184 1005
4185 1005
4186 1005
4187 1005
4188 1005
4189 898
4190 1015
4191 1003
4192 1004
4193 1004
4194 1006
4195 1004
4196 1004
4197 1005
4198 1004
4199 1005
4200 1002
4201 1006
4202 1005
4203 1003
4204 1004
4205 1003
4206 1005
4207 1004
4208 1007
4209 897
4210 1015
4211 1003
4212 1004
4213 1005
4214 1004
4215 1005
4216 1005
4217 1006
4218 1014
4219 1005
4220 1005
4221 1004
4222 1004
4223 1005
4224 1005
4225 1005
4226 1005
4227 906
4228 1005
4229 1005
4230 1006
4231 1005
4232 1003
4233 1005
4234 1002
4235 1003
4236 1002
4237 1005
4238 1014
4239 1004
4240 1003
4241 1004
4242 1006
4243 1006
4244 1005
4245 895
4246 1013
4247 1005
4248 1006
4249 1006
4250 1004
4251 1005
4252 1006
4253 1003
4254 1005
4255 1004
4256 1005
4257 1004
4258 1010
4259 1004
4260 1004
4261 1005
4262 1004
4263 897
4264 1014
4265 1005
4266 1006
4267 1003
4268 1078
4269 906
4270 1005
4271 1004
4272 1005
4273 1006
4274 1006
4275 1004
4276 1114
4277 896
4278 1004
4279 1004
4280 1005
4281 1003
4282 1004
4283 1004
4284 1007
4285 1005
4286 1005
4287 906
4288 1007
4289 1004
4290 1005
4291 1006
4292 1004
4293 1005
4294 1006
4295 1004
4296 1004
4297 1004
4298 1006
4299 1004
4300 1004
4301 1004
4302 1007
4303 1004
4304 1005
4305 894
4306 1014
4307 1006
4308 1006
4309 1005
4310 1004
4311 1004
4312 1004
4313 1005
4314 1005
4315 1007
4316 1004
4317 1005
4318 1008
4319 1005
4320 1004
4321 1004
4322 1005
4323 1003
4324 905
4325 1004
4326 1004
4327 1003
4328 1008
4329 1006
4330 1006
4331 1004
4332 1005
4333 1005
4334 1006
4335 1004
4336 1005
4337 1003
4338 1007
4339 1005
4340 1003
4341 1005
4342 895
4343 1014
4344 1003
4345 1005
4346 1004
4347 1004
4348 1008
4349 1005
4350 1005
4351 1005
4352 1005
4353 1003
4354 1004
4355 1004
4356 1005
4357 1006
4358 1005
4359 1004
4360 1005
4361 896
4362 1013
4363 1005
4364 1004
4365 1005
4366 1004
4367 1004
4368 1006
4369 1005
4370 1004
4371 1005
4372 1006
4373 1004
4374 1004
4375 1004
4376 1004
4377 1003
4378 1006
4379 1006
4380 1004
4381 905
4382 1005
4383 1004
4384 1005
4385 1004
4386 1004
4387 1004
4388 1006
4389 1005
4390 1005
4391 1006
4392 1004
4393 1003
4394 1005
4395 1006
4396 1004
4397 1004
4398 1006
4399 1005
4400 905
4401 1004
4402 1004
4403 1007
4404 1004
4405 1004
4406 1005
4407 1005
4408 1006
4409 1004
4410 1005
4411 1004
4412 1003
4413 1003
4414 1006
4415 1003
4416 1005
4417 1004
4418 1008
4419 1005
4420 904
4421 1005
4422 1006
4423 1005
4424 1002
4425 1005
4426 1004
4427 1004
4428 1015
4429 1003
4430 1006
4431 1006
4432 1003
4433 1006
4434 1006
4435 1005
4436 895
4437 1014
4438 1006
4439 1005
4440 1006
4441 1004
4442 1005
4443 1004
4444 1005
4445 1005
4446 1004
4447 1004
4448 1007
4449 1005
4450 1004
4451 1004
4452 1005
4453 1004
4454 1004
4455 896
4456 1014
4457 1003
4458 1006
4459 1006
4460 1004
4461 1005
4462 1004
4463 1006
4464 1004
4465 1006
4466 1005
4467 1004
4468 1038
4469 906
4470 1005
4471 1003
4472 1005
4473 1004
4474 1004
4475 1004
4476 1005
4477 1004
4478 1007
4479 1004
4480 1004
4481 1005
4482 1007
4483 1003
4484 1006
4485 1006
4486 897
4487 1013
4488 1007
4489 1004
4490 1004
4491 1004
4492 1004
4493 1003
4494 1007
4495 1022
4496 1005
4497 1004
4498 1021
4499 897
4500 1014
4501 1004
4502 1005
4503 1003
4504 1005
4505 1005
4506 1005
4507 1005
4508 1007
4509 1004
4510 1004
4511 1004
4512 1005
4513 1004
4514 1006
4515 1005
4516 1003
4517 1005
4518 908
4519 1005
4520 1005
4521 1004
4522 1006
4523 1004
4524 1004
4525 1005
4526 1005
4527 1006
4528 1007
4529 1004
4530 1006
4531 1004
4532 1004
4533 1005
4534 1004
4535 1006
4536 894
4537 1013
4538 905
4539 1116
4540 1005
4541 1004
4542 1005
4543 1004
4544 1005
4545 1003
4546 1004
4547 1004
4548 1007
4549 1005
4550 1008
4551 1005
4552 897
4553 1014
4554 1005
4555 1003
4556 1006
4557 1005
4558 1006
4559 1005
4560 1004
4561 1006
4562 1005
4563 1004
4564 1004
4565 1006
4566 1005
4567 1004
4568 1006
4569 1005
4570 1005
4571 896
4572 1015
4573 1004
4574 1003
4575 1005
4576 1003
4577 1004
4578 1006
4579 1005
4580 1005
4581 1005
4582 1006
4583 1004
4584 1005
4585 1005
4586 1004
4587 1004
4588 1008
4589 896
4590 1015
4591 1005
4592 1005
4593 1004
4594 1004
4595 1005
4596 1004
4597 1004
4598 1007
4599 1005
4600 1005
4601 1004
4602 1003
4603 1004
4604 1006
4605 1004
4606 1005
4607 1003
4608 1006
4609 904
4610 1006
4611 1004
4612 1005
4613 1005
4614 1004
4615 1005
4616 1005
4617 1006
4618 1006
4619 1006
4620 1005
4621 1003
4622 1005
4623 1006
4624 1005
4625 1003
4626 1004
4627 1006
4628 1007
4629 898
4630 1006
4631 1005
4632 1004
4633 1005
4634 1005
4635 1005
4636 1005
4637 1004
4638 1007
4639 1005
4640 1005
4641 1004
4642 1006
4643 1004
4644 1003
4645 1003
4646 1006
4647 895
4648 1114
4649 897
4650 1004
4651 1003
4652 1003
4653 1006
4654 1004
4655 1005
4656 1004
4657 1005
4658 1024
4659 1004
4660 1004
4661 1004
4662 1005
4663 1004
4664 1003
4665 894
4666 1014
4667 1007
4668 969
4669 1108
4670 1005
4671 1005
4672 905
4673 1003
4674 1005
4675 1003
4676 1006
4677 1006
4678 1016
4679 1004
4680 1005
4681 1003
4682 1004
4683 1004
4684 1005
4685 1006
4686 1005
4687 1004
4688 1005
4689 905
4690 1003
4691 1005
4692 1004
4693 1005
4694 1006
4695 1005
4696 1004
4697 1004
4698 1006
4699 1004
4700 1005
4701 1005
4702 1005
4703 1004
4704 1005
4705 1003
4706 1004
4707 1004
4708 1007
4709 906
4710 1006
4711 1006
4712 1004
4713 1006
4714 1003
4715 1004
4716 1004
4717 1005
4718 1007
4719 1006
4720 1004
4721 1004
4722 1004
4723 1005
4724 1003
4725 1005
4726 1005
4727 895
4728 1117
4729 896
4730 1005
4731 1004
4732 1003
4733 1004
4734 1004
4735 1005
4736 1005
4737 1003
4738 1008
4739 1006
4740 1003
4741 1005
4742 1005
4743 1004
4744 1004
4745 1006
4746 1005
4747 895
4748 1028
4749 999
4750 1004
4751 1004
4752 1004
4753 1003
4754 1006
4755 1004
4756 1004
4757 1005
4758 1006
4759 1005
4760 1004
4761 1004
4762 1005
4763 1004
4764 1005
4765 896
4766 1014
4767 1005
4768 1115
4769 896
4770 1004
4771 1004
4772 1005
4773 1005
4774 1003
4775 1005
4776 1006
4777 1005
4778 1006
4779 1006
4780 1004
4781 1007
4782 1006
4783 896
4784 1015
4785 1006
4786 1004
4787 1005
4788 1006
4789 1005
4790 1004
4791 1004
4792 1004
4793 1005
4794 1004
4795 1004
4796 1004
4797 1004
4798 1006
4799 1005
4800 1005
4801 1005
4802 896
4803 1014
4804 1004
4805 1004
4806 1005
4807 1003
4808 1011
4809 1006
4810 1006
4811 1004
4812 1005
4813 1007
4814 1004
4815 1005
4816 1005
4817 1004
4818 1006
4819 1005
4820 904
4821 1005
4822 1005
4823 1004
4824 1004
4825 1004
4826 1005
4827 1005
4828 1008
4829 1006
4830 1005
4831 1005
4832 1006
4833 1005
4834 1006
4835 1005
4836 1005
4837 897
4838 1016
4839 1005
4840 1004
4841 1005
4842 1004
4843 1005
4844 1003
4845 1005
4846 1004
4847 1003
4848 1021
4849 1007
4850 1004
4851 1005
4852 1005
4853 896
4854 1013
4855 1004
4856 1004
4857 1006
4858 1004
4859 1006
4860 1004
4861 1003
4862 1005
4863 1004
4864 1003
4865 1004
4866 1004
4867 1004
4868 993
4869 1014
4870 1004
4871 1005
4872 1006
4873 895
4874 1014
4875 1004
4876 1004
4877 1004
4878 1006
4879 1006
4880 1006
4881 1004
4882 1004
4883 1005
4884 1005
4885 1004
4886 1005
4887 1005
4888 1007
4889 1007
4890 1005
4891 1005
4892 906
4893 1004
4894 1004
4895 1004
4896 1004
4897 1004
4898 1006
4899 1006
4900 1006
4901 1006
4902 1004
4903 1004
4904 1004
4905 1004
4906 1005
4907 1005
4908 1007
4909 1005
4910 895
4911 1015
4912 1005
4913 1005
4914 1004
4915 1005
4916 1004
4917 1005
4918 1005
4919 1004
4920 1005
4921 1005
4922 1004
4923 1004
4924 1004
4925 1004
4926 1005
4927 1004
4928 1010
4929 895
4930 1014
4931 1004
4932 1006
4933 1003
4934 1004
4935 1004
4936 1004
4937 1005
4938 1006
4939 1005
4940 1004
4941 1004
4942 1004
4943 1006
4944 1004
4945 1004
4946 1004
4947 1005
4948 1014
4949 904
4950 1006
4951 1004
4952 1005
4953 1005
4954 1005
4955 1004
4956 1006
4957 1003
4958 1005
4959 1007
4960 1004
4961 1005
4962 1005
4963 1003
4964 1004
4965 1005
4966 895
4967 1013
4968 1007
4969 1006
4970 1003
4971 1005
4972 1003
4973 1005
4974 1004
4975 1005
4976 1005
4977 1003
4978 1004
4979 1004
4980 1004
4981 1004
4982 1004
4983 1005
4984 1004
4985 1004
4986 896
4987 1015
4988 1013
4989 1007
4990 1006
4991 1006
4992 1004
4993 1005
4994 1005
4995 1005
4996 1005
4997 1007
4998 1008
4999 1005
5000 1005
5001 1003
5002 907
5003 1005
5004 1005
5005 1004
5006 1004
5007 1025
5008 1004
5009 1006
5010 1005
5011 1004
5012 1005
5013 1004
5014 1004
5015 1005
5016 1005
5017 896
5018 1034
5019 1000
5020 1004
5021 1005
5022 1006
5023 1005
5024 1005
5025 1007
5026 1003
5027 1005
5028 1004
5029 1005
5030 1005
5031 1004
5032 1006
5033 907
5034 1003
5035 1005
5036 1004
5037 1006
5038 1020
5039 1005
5040 1003
5041 1005
5042 1004
5043 1005
5044 1004
5045 1002
5046 1007
5047 1004
5048 1004
5049 896
5050 1014
5051 1005
5052 1005
5053 1005
5054 1004
5055 1005
5056 1004
5057 1005
5058 1013
5059 1005
5060 1004
5061 1004
5062 1005
5063 1005
5064 1005
5065 1003
5066 1005
5067 905
5068 1004
5069 1056
5070 1003
5071 1004
5072 1005
5073 1006
5074 1006
5075 1003
5076 896
5077 1015
5078 1005
5079 1117
5080 897
5081 1006
5082 1005
5083 1006
5084 1006
5085 1007
5086 1005
5087 1006
5088 1006
5089 1008
5090 1005
5091 1004
5092 896
5093 1014
5094 1006
5095 1006
5096 1003
5097 1006
5098 1005
5099 1023
5100 1005
5101 1004
5102 1005
5103 1005
5104 1005
5105 1005
5106 1007
5107 906
5108 1004
5109 1009
5110 1006
5111 1007
5112 1005
5113 1003
5114 1003
5115 1004
5116 1005
5117 1004
5118 1026
5119 1001
5120 1005
5121 1004
5122 905
5123 1004
5124 1006
5125 1005
5126 1005
5127 1005
5128 1005
5129 1005
5130 1005
5131 1003
5132 1006
5133 1006
5134 1005
5135 1005
5136 1004
5137 1006
5138 1010
5139 906
5140 1003
5141 1005
5142 1003
5143 1004
5144 1006
5145 1004
5146 1006
5147 1004
5148 1004
5149 1007
5150 1004
5151 1004
5152 1004
5153 1006
5154 1003
5155 1006
5156 1003
5157 1004
5158 1016
5159 899
5160 1004
5161 1006
5162 1003
5163 1005
5164 1004
5165 1005
5166 1005
5167 1005
5168 1006
5169 1006
5170 1004
5171 1006
5172 1003
5173 1005
5174 1005
5175 1005
5176 897
5177 1016
5178 1003
5179 998
5180 1004
5181 1004
5182 1004
5183 1005
5184 1005
5185 1005
5186 1006
5187 1004
5188 1004
5189 1005
5190 1006
5191 1005
5192 1003
5193 1005
5194 1004
5195 1005
5196 1004
5197 905
5198 1004
5199 1006
5200 1006
5201 1004
5202 1002
5203 1006
5204 1005
5205 1005
5206 1004
5207 1005
5208 1003
5209 1004
5210 1005
5211 1006
5212 1006
5213 1005
5214 1006
5215 896
5216 1014
5217 1006
5218 1004
5219 1007
5220 1005
5221 1004
5222 1004
5223 1004
5224 1004
5225 1004
5226 1006
5227 1004
5228 1005
5229 1007
5230 1004
5231 1006
5232 1005
5233 1004
5234 895
5235 1013
5236 1005
5237 1004
5238 1006
5239 1005
5240 1005
5241 1003
5242 1005
5243 1005
5244 1004
5245 1004
5246 1005
5247 1004
5248 1005
5249 1006
5250 1005
5251 1004
5252 1004
5253 897
5254 1012
5255 1007
5256 1003
5257 1006
5258 1006
5259 1007
5260 1006
5261 1003
5262 1005
5263 1005
5264 1003
5265 1006
5266 1005
5267 1004
5268 1005
5269 1006
5270 1005
5271 1004
5272 904
5273 1004
5274 1005
5275 1005
5276 1005
5277 1004
5278 1003
5279 1015
5280 1007
5281 1004
5282 1004
5283 1003
5284 1005
5285 1003
5286 1004
5287 1005
5288 1005
5289 1006
5290 905
5291 1004
5292 1005
5293 1004
5294 1005
5295 1004
5296 1005
5297 1005
5298 1005
5299 1026
5300 1006
5301 1006
5302 1004
5303 1005
5304 895
5305 1012
5306 1004
5307 1005
5308 1004
5309 1007
5310 1005
5311 1004
5312 1005
5313 1004
5314 1004
5315 1005
5316 1003
5317 1005
5318 1004
5319 1008
5320 1003
5321 1005
5322 1004
5323 1005
5324 894
5325 1015
5326 1005
5327 1007
5328 1004
5329 1005
5330 1005
5331 1004
5332 1004
5333 1007
5334 1003
5335 1004
5336 1004
5337 1003
5338 1006
5339 1005
5340 1007
5341 1004
5342 1004
5343 896
5344 1015
5345 1003
5346 1005
5347 1003
5348 1004
5349 1006
5350 1005
5351 1005
5352 1004
5353 1006
5354 1005
5355 1004
5356 1006
5357 1004
5358 1002
5359 1010
5360 1004
5361 1004
5362 906
5363 1004
5364 1006
5365 1005
5366 1005
5367 1005
5368 1005
5369 1006
5370 1005
5371 1004
5372 1005
5373 1005
5374 1004
5375 1004
5376 1005
5377 1004
5378 1005
5379 924
5380 1116
5381 895
5382 1005
5383 1004
5384 1004
5385 1004
5386 1003
5387 1005
5388 1004
5389 1007
5390 1006
5391 1004
5392 1004
5393 1004
5394 1003
5395 1004
5396 896
5397 1013
5398 1005
5399 1006
5400 1004
5401 1006
5402 1004
5403 1005
5404 1005
5405 1003
5406 1005
5407 1005
5408 1003
5409 1007
5410 1006
5411 1004
5412 1005
5413 1005
5414 1003
5415 1004
5416 906
5417 1005
5418 1005
5419 1006
5420 1004
5421 1006
5422 1004
5423 1005
5424 1006
5425 1005
5426 1004
5427 1003
5428 1006
5429 1005
5430 1005
5431 1005
5432 1005
5433 1003
5434 897
5435 1014
5436 1005
5437 1005
5438 1005
5439 1007
5440 1006
5441 1003
5442 1003
5443 1006
5444 1005
5445 1005
5446 1005
5447 1005
5448 1005
5449 1006
5450 1005
5451 1005
5452 906
5453 1003
5454 1004
5455 1004
5456 1006
5457 1004
5458 1004
5459 1005
5460 1004
5461 1003
5462 1004
5463 1004
5464 1005
5465 1005
5466 1005
5467 1006
5468 1005
5469 1004
5470 1006
5471 1005
5472 904
5473 1006
5474 1005
5475 1004
5476 1005
5477 1004
5478 1005
5479 1007
5480 1004
5481 1003
5482 1005
5483 1006
5484 1004
5485 1003
5486 1006
5487 1005
5488 1003
5489 1007
5490 898
5491 1013
5492 1006
5493 1003
5494 1004
5495 1005
5496 1004
5497 1003
5498 1005
5499 1033
5500 1004
5501 1006
5502 1003
5503 1006
5504 895
5505 1015
5506 1002
5507 1004
5508 1006
5509 1005
5510 1004
5511 1005
5512 1003
5513 1006
5514 1005
5515 1005
5516 1005
5517 1003
5518 1005
5519 1025
5520 896
5521 1014
5522 1005
5523 1004
5524 1005
5525 1004
5526 1005
5527 1003
5528 1005
5529 1023
5530 1007
5531 1004
5532 1004
5533 1005
5534 1003
5535 1005
5536 894
5537 1013
5538 1004
5539 1006
5540 1007
5541 1006
5542 1005
5543 1006
5544 1004
5545 1003
5546 1005
5547 1004
5548 1006
5549 1011
5550 1006
5551 1006
5552 1004
5553 897
5554 1015
5555 1004
5556 1003
5557 1005
5558 1002
5559 1006
5560 1005
5561 1003
5562 1005
5563 1003
5564 1006
5565 1006
5566 1004
5567 1006
5568 1004
5569 930
5570 1004
5571 1003
5572 1005
5573 1005
5574 1006
5575 1003
5576 1004
5577 1005
5578 1005
5579 1008
5580 1004
5581 1006
5582 1004
5583 1004
5584 1007
5585 1005
5586 895
5587 1013
5588 1005
5589 1007
5590 1006
5591 1004
5592 1004
5593 1006
5594 1005
5595 1006
5596 1003
5597 1003
5598 1006
5599 1007
5600 1005
5601 1006
5602 1004
5603 1005
5604 896
5605 1015
5606 1007
5607 1003
5608 1004
5609 1005
5610 1006
5611 1004
5612 1005
5613 1005
5614 1004
5615 1005
5616 1003
5617 1005
5618 1004
5619 1008
5620 1005
5621 1005
5622 1007
5623 906
5624 1004
5625 1006
5626 1005
5627 1003
5628 1005
5629 1005
5630 1005
5631 1006
5632 1004
5633 1004
5634 1005
5635 1004
5636 1003
5637 1005
5638 1004
5639 1004
5640 1006
5641 1004
5642 905
5643 1006
5644 1003
5645 1004
5646 1005
5647 1005
5648 1005
5649 1004
5650 1005
5651 1005
5652 1006
5653 1006
5654 1004
5655 1005
5656 1004
5657 1004
5658 1004
5659 1007
5660 896
5661 1015
5662 1004
5663 1007
5664 1004
5665 1004
5666 1004
5667 1005
5668 1005
5669 1006
5670 1004
5671 1005
5672 1003
5673 1005
5674 1005
5675 1003
5676 1006
5677 1004
5678 1005
5679 1005
5680 896
5681 1013
5682 1005
5683 1004
5684 1004
5685 1007
5686 1004
5687 1006
5688 1006
5689 1007
5690 1005
5691 1006
5692 1003
5693 1003
5694 1004
5695 1004
5696 1005
5697 1004
5698 895
5699 1073
5700 1005
5701 1006
5702 1005
5703 1004
5704 1004
5705 1004
5706 896
5707 1014
5708 1003
5709 1008
5710 1005
5711 1006
5712 1003
5713 1004
5714 1004
5715 1005
5716 1005
5717 1004
5718 1004
5719 1006
5720 1006
5721 1003
5722 1005
5723 1003
5724 1006
5725 895
5726 1014
5727 1005
5728 1004
5729 1007
5730 1005
5731 1005
5732 1004
5733 1004
5734 1004
5735 1005
5736 1004
5737 1004
5738 1005
5739 1008
5740 1005
5741 1005
5742 1003
5743 1005
5744 895
5745 1015
5746 1005
5747 1005
5748 1005
5749 1006
5750 1006
5751 1006
5752 1005
5753 1006
5754 1004
5755 1004
5756 1004
5757 1006
5758 1004
5759 1006
5760 1005
5761 1005
5762 905
5763 1004
5764 1005
5765 1005
5766 1004
5767 1005
5768 1006
5769 1006
5770 1006
5771 1004
5772 1005
5773 1003
5774 1005
5775 1005
5776 1005
5777 1003
5778 1006
5779 908
5780 1015
5781 1006
5782 1002
5783 1006
5784 1005
5785 1004
5786 1005
5787 1005
5788 1005
5789 1006
5790 1005
5791 1005
5792 1005
5793 1006
5794 1006
5795 1003
5796 896
5797 1012
5798 1004
5799 1006
5800 1005
5801 1006
5802 1005
5803 1006
5804 1005
5805 1004
5806 1005
5807 1005
5808 1004
5809 1007
5810 1004
5811 1006
5812 1003
5813 1004
5814 1005
5815 895
5816 1013
5817 1004
5818 1006
5819 1006
5820 1005
5821 1004
5822 1003
5823 1005
5824 1005
5825 1005
5826 1005
5827 1004
5828 1004
5829 1005
5830 1006
5831 1005
5832 1004
5833 1006
5834 896
5835 1014
5836 1005
5837 1005
5838 1005
5839 1006
5840 1006
5841 1004
5842 1004
5843 1003
5844 1006
5845 1005
5846 1005
5847 1007
5848 1005
5849 1006
5850 1004
5851 1005
5852 895
5853 1015
5854 1005
5855 1004
5856 1003
5857 1004
5858 1004
5859 1005
5860 1007
5861 1005
5862 1005
5863 1005
5864 1004
5865 1003
5866 1005
5867 1005
5868 1004
5869 1005
5870 1006
5871 896
5872 1013
5873 1005
5874 1007
5875 1004
5876 1005
5877 1006
5878 1004
5879 1007
5880 1005
5881 1005
5882 1005
5883 1003
5884 1004
5885 1004
5886 1004
5887 1005
5888 1005
5889 1008
5890 906
5891 1004
5892 1004
5893 1003
5894 1004
5895 1005
5896 1006
5897 1006
5898 1004
5899 1013
5900 1007
5901 1004
5902 1003
5903 1005
5904 1005
5905 1005
5906 1004
5907 904
5908 1005
5909 1007
5910 1006
5911 1004
5912 1005
5913 1004
5914 1005
5915 1005
5916 1006
5917 1004
5918 1002
5919 1006
5920 1005
5921 1004
5922 1005
5923 1003
5924 1004
5925 1004
5926 896
5927 1015
5928 1005
5929 1005
5930 1006
5931 1006
5932 1004
5933 1004
5934 1004
5935 1006
5936 1005
5937 1004
5938 1004
5939 1007
5940 1004
5941 1003
5942 1005
5943 1005
5944 1004
5945 896
5946 1014
5947 1004
5948 1002
5949 1005
5950 1006
5951 1005
5952 1003
5953 1004
5954 1004
5955 1004
5956 1004
5957 1004
5958 1005
5959 1008
5960 1005
5961 1004
5962 1004
5963 1005
5964 1004
5965 907
5966 1004
5967 1006
5968 1004
5969 1006
5970 1004
5971 1005
5972 1005
5973 1004
5974 1006
5975 1005
5976 1003
5977 1003
5978 1004
5979 1030
5980 906
5981 1006
5982 1004
5983 1004
5984 1005
5985 1005
5986 1004
5987 1005
5988 1005
5989 1005
5990 1007
5991 1003
5992 1005
5993 1005
5994 1004
5995 1004
5996 1005
5997 1004
5998 896
5999 1015
6000 1005
6001 1005
6002 1004
6003 1005
6004 1006
6005 1004
6006 1004
6007 1004
6008 1004
6009 1008
6010 1005
6011 1005
6012 1004
6013 1006
6014 1005
6015 1004
6016 897
6017 1015
6018 1005
6019 1007
6020 1004
6021 1005
6022 1005
6023 1006
6024 1003
6025 1005
6026 1005
6027 1004
6028 1004
6029 1005
6030 1007
6031 1023
6032 904
6033 1007
6034 1004
6035 1004
6036 1005
6037 1005
6038 1005
6039 1006
6040 1004
6041 1005
6042 1005
6043 1004
6044 1005
6045 1005
6046 1006
6047 1005
6048 1003
6049 915
6050 1006
6051 1006
6052 1003
6053 1004
6054 1004
6055 1004
6056 1005
6057 1003
6058 1006
6059 1007
6060 1005
6061 1005
6062 1004
6063 1005
6064 1005
6065 1004
6066 897
6067 1014
6068 1004
6069 1011
6070 1006
6071 1006
6072 1004
6073 1004
6074 1005
6075 1004
6076 1004
6077 1006
6078 1006
6079 1006
6080 1005
6081 1005
6082 1004
6083 1006
6084 903
6085 1005
6086 1005
6087 1006
6088 1006
6089 1021
6090 1006
6091 1006
6092 1005
6093 1005
6094 1006
6095 1004
6096 1005
6097 1006
6098 895
6099 1016
6100 1007
6101 1004
6102 1005
6103 1006
6104 1005
6105 1004
6106 1004
6107 1005
6108 1004
6109 1007
6110 1007
6111 1007
6112 1005
6113 1006
6114 1005
6115 905
6116 1004
6117 1004
6118 1004
6119 1030
6120 1005
6121 1003
6122 1004
6123 1003
6124 1004
6125 1004
6126 1005
6127 1004
6128 1005
6129 1007
6130 1005
6131 905
6132 1004
6133 1005
6134 1003
6135 1004
6136 1005
6137 1004
6138 1005
6139 1017
6140 1004
6141 1005
6142 1004
6143 1005
6144 1006
6145 1006
6146 1005
6147 905
6148 1005
6149 1008
6150 1003
6151 1006
6152 1007
6153 1004
6154 1004
6155 1005
6156 1007
6157 1003
6158 1006
6159 1005
6160 1006
6161 1004
6162 1004
6163 1003
6164 1006
6165 904
6166 1005
6167 1005
6168 1005
6169 1008
6170 1005
6171 1006
6172 1003
6173 1005
6174 1005
6175 1004
6176 1006
6177 1006
6178 1003
6179 1006
6180 1006
6181 1004
6182 1004
6183 1004
6184 905
6185 1003
6186 1005
6187 1004
6188 1005
6189 1007
6190 1005
6191 1004
6192 1004
6193 1006
6194 1003
6195 1004
6196 1005
6197 1004
6198 1004
6199 927
6200 1005
6201 1004
6202 1005
6203 1005
6204 1004
6205 1006
6206 1005
6207 1006
6208 1005
6209 1006
6210 1006
6211 1005
6212 1005
6213 1004
6214 1004
6215 1005
6216 1005
6217 905
6218 1005
6219 1006
6220 1006
6221 1003
6222 1004
6223 1004
6224 1004
6225 1005
6226 1004
6227 1006
6228 1003
6229 1006
6230 1004
6231 1004
6232 1005
6233 1003
6234 1005
6235 1006
6236 895
6237 1014
6238 1005
6239 1007
6240 1005
6241 1004
6242 1005
6243 1005
6244 1005
6245 1004
6246 1004
6247 1005
6248 1005
6249 1008
6250 1004
6251 1005
6252 1006
6253 1005
6254 894
6255 1015
6256 1003
6257 1005
6258 1004
6259 1007
6260 1006
6261 1005
6262 1004
6263 1004
6264 1003
6265 1005
6266 1005
6267 1007
6268 1003
6269 1005
6270 1005
6271 1004
6272 1005
6273 896
6274 1013
6275 1004
6276 1004
6277 1005
6278 1004
6279 1013
6280 1004
6281 1004
6282 1006
6283 1004
6284 1006
6285 1005
6286 1005
6287 1006
6288 1003
6289 1006
6290 1005
6291 907
6292 1003
6293 1005
6294 1005
6295 1005
6296 1005
6297 1005
6298 1005
6299 1007
6300 1006
6301 1004
6302 1006
6303 1004
6304 1005
6305 1005
6306 1007
6307 1003
6308 895
6309 1016
6310 1005
6311 1005
6312 1005
6313 1005
6314 1005
6315 1007
6316 1005
6317 1006
6318 1004
6319 1006
6320 1006
6321 1005
6322 1006
6323 1002
6324 1006
6325 1005
6326 896
6327 1013
6328 1005
6329 1005
6330 1005
6331 1004
6332 1006
6333 1003
6334 1005
6335 1004
6336 1003
6337 1004
6338 1005
6339 1007
6340 1004
6341 1004
6342 1005
6343 1005
6344 1003
6345 897
6346 1013
6347 1004
6348 1003
6349 1007
6350 1005
6351 1005
6352 1003
6353 1005
6354 1004
6355 1004
6356 1005
6357 1005
6358 1006
6359 1004
6360 1005
6361 1005
6362 1005
6363 1004
6364 1006
6365 906
6366 1004
6367 1005
6368 1005
6369 1008
6370 1005
6371 1004
6372 1005
6373 1005
6374 1004
6375 1005
6376 1004
6377 1005
6378 1007
6379 1006
6380 1006
6381 1005
6382 1005
6383 904
6384 1005
6385 1006
6386 1005
6387 1004
6388 1005
6389 1007
6390 1006
6391 1005
6392 1004
6393 1005
6394 1004
6395 1005
6396 1004
6397 1004
6398 1005
6399 1012
6400 906
6401 1006
6402 1004
6403 1004
6404 1003
6405 1006
6406 1004
6407 1006
6408 1004
6409 1007
6410 1005
6411 1006
6412 1004
6413 1004
6414 1005
6415 1004
6416 1004
6417 1006
6418 904
6419 1006
6420 1005
6421 1005
6422 1006
6423 1007
6424 1004
6425 1004
6426 1006
6427 1003
6428 1004
6429 1007
6430 1005
6431 1005
6432 1004
6433 1006
6434 1004
6435 1004
6436 896
6437 1012
6438 1005
6439 1005
6440 1006
6441 1004
6442 1004
6443 1004
6444 1005
6445 1004
6446 1006
6447 1004
6448 1006
6449 1009
6450 1003
6451 1005
6452 1004
6453 1005
6454 1004
6455 905
6456 1005
6457 1005
6458 1004
6459 1006
6460 1004
6461 1005
6462 1004
6463 1005
6464 1005
6465 1006
6466 1004
6467 1004
6468 1005
6469 1007
6470 1004
6471 1005
6472 1005
6473 897
6474 1014
6475 1005
6476 1005
6477 1003
6478 1004
6479 898
6480 1109
6481 1006
6482 1004
6483 1004
6484 1114
6485 895
6486 1005
6487 1006
6488 1005
6489 1006
6490 1004
6491 1006
6492 897
6493 1013
6494 1004
6495 1005
6496 1003
6497 1004
6498 1006
6499 1007
6500 1006
6501 1004
6502 1006
6503 1004
6504 1005
6505 1004
6506 1004
6507 1006
6508 1006
6509 1005
6510 1005
6511 905
6512 1004
6513 1005
6514 1005
6515 1004
6516 1005
6517 1003
6518 1005
6519 1006
6520 1005
6521 1004
6522 1003
6523 1003
6524 1006
6525 1003
6526 1005
6527 1005
6528 1003
6529 1007
6530 1004
6531 895
6532 1016
6533 1005
6534 1004
6535 1004
6536 1005
6537 1004
6538 1004
6539 1007
6540 1006
6541 1005
6542 1006
6543 1023
6544 1006
6545 895
6546 1014
6547 1005
6548 1003
6549 1007
6550 1006
6551 1003
6552 1005
6553 1006
6554 1004
6555 1005
6556 1004
6557 1006
6558 1006
6559 1007
6560 1006
6561 1004
6562 1004
6563 897
6564 1013
6565 1004
6566 1004
6567 1005
6568 1005
6569 1005
6570 1006
6571 1005
6572 1006
6573 1005
6574 1005
6575 1003
6576 1007
6577 1005
6578 1005
6579 1008
6580 1007
6581 894
6582 1014
6583 1004
6584 1005
6585 1003
6586 1004
6587 1005
6588 1004
6589 1004
6590 1006
6591 1004
6592 1004
6593 1005
6594 1004
6595 1004
6596 1006
6597 1005
6598 1005
6599 896
6600 1106
6601 897
6602 1015
6603 1005
6604 1004
6605 1003
6606 1004
6607 1003
6608 1006
6609 1006
6610 1005
6611 1004
6612 1004
6613 1006
6614 1005
6615 1005
6616 1004
6617 1005
6618 1005
6619 1007
6620 896
6621 1013
6622 1006
6623 1005
6624 1003
6625 1004
6626 1006
6627 1004
6628 1003
6629 1006
6630 1007
6631 1004
6632 1006
6633 1004
6634 1005
6635 1004
6636 1004
6637 1004
6638 1005
6639 1006
6640 903
6641 1005
6642 1005
6643 1004
6644 1004
6645 1005
6646 1004
6647 1004
6648 1004
6649 1008
6650 1004
6651 1004
6652 1003
6653 1005
6654 1005
6655 1005
6656 1004
6657 1004
6658 1004
6659 1014
6660 897
6661 1006
6662 1004
6663 1005
6664 1005
6665 1005
6666 1003
6667 1004
6668 1003
6669 1008
6670 1005
6671 1006
6672 1004
6673 1004
6674 1003
6675 1005
6676 1004
6677 1003
6678 1004
6679 932
6680 998
6681 1005
6682 1003
6683 1004
6684 1005
6685 1005
6686 1005
6687 1005
6688 1003
6689 1007
6690 1005
6691 1006
6692 1005
6693 1005
6694 906
6695 1005
6696 1005
6697 1004
6698 1004
6699 1005
6700 1004
6701 1005
6702 1005
6703 1004
6704 1004
6705 1005
6706 1003
6707 1005
6708 1003
6709 1008
6710 1007
6711 1004
6712 897
6713 1014
6714 1005
6715 1006
6716 1004
6717 1006
6718 1003
6719 1008
6720 1006
6721 1004
6722 1006
6723 1004
6724 1005
6725 1004
6726 1005
6727 1005
6728 1004
6729 1005
6730 897
6731 1015
6732 1006
6733 1004
6734 1004
6735 1007
6736 1007
6737 1004
6738 1004
6739 1005
6740 1004
6741 1006
6742 1003
6743 1006
6744 1005
6745 1006
6746 1005
6747 1006
6748 896
6749 1016
6750 1006
6751 1005
6752 1006
6753 1004
6754 1004
6755 1003
6756 1004
6757 1006
6758 1003
6759 1007
6760 1005
6761 1005
6762 1003
6763 1003
6764 1006
6765 1004
6766 1005
6767 905
6768 1005
6769 1007
6770 1006
6771 1004
6772 1005
6773 1004
6774 1005
6775 1005
6776 1003
6777 1004
6778 1005
6779 1005
6780 1005
6781 1004
6782 1004
6783 1005
6784 1005
6785 896
6786 1014
6787 1005
6788 1003
6789 1007
6790 1005
6791 1006
6792 1003
6793 1004
6794 1007
6795 1005
6796 1004
6797 1005
6798 1005
6799 997
6800 1014
6801 1005
6802 1005
6803 897
6804 1015
6805 1006
6806 1003
6807 1005
6808 1005
6809 1012
6810 999
6811 1005
6812 1006
6813 1003
6814 1006
6815 1004
6816 1006
6817 1003
6818 1003
6819 1008
6820 1005
6821 1004
6822 905
6823 1004
6824 1004
6825 1005
6826 1006
6827 1004
6828 1005
6829 1006
6830 1004
6831 1005
6832 1005
6833 1006
6834 1005
6835 1007
6836 1005
6837 1006
6838 1003
6839 1006
6840 905
6841 1003
6842 1006
6843 1004
6844 1005
6845 1004
6846 1004
6847 1004
6848 1005
6849 1007
6850 1006
6851 1004
6852 1004
6853 1004
6854 1006
6855 1006
6856 1006
6857 1005
6858 896
6859 1017
6860 1006
6861 1007
6862 1004
6863 1004
6864 1006
6865 1003
6866 1004
6867 1004
6868 1006
6869 1007
6870 1005
6871 1004
6872 1006
6873 1005
6874 1006
6875 896
6876 1013
6877 1003
6878 1004
6879 989
6880 1022
6881 1005
6882 1006
6883 1004
6884 1006
6885 1005
6886 1002
6887 1004
6888 1005
6889 1006
6890 1005
6891 1005
6892 1005
6893 1007
6894 1004
6895 906
6896 1003
6897 1005
6898 1004
6899 1005
6900 1006
6901 1006
6902 1005
6903 1003
6904 1004
6905 1004
6906 1005
6907 1003
6908 1005
6909 1006
6910 1005
6911 1004
6912 1004
6913 896
6914 1014
6915 1004
6916 1005
6917 1006
6918 1005
6919 1006
6920 1005
6921 1005
6922 1005
6923 1005
6924 1004
6925 1004
6926 1004
6927 1005
6928 1003
6929 1013
6930 1000
6931 1005
6932 896
6933 1014
6934 1004
6935 1005
6936 1004
6937 1004
6938 1006
6939 1005
6940 1006
6941 1006
6942 1005
6943 1005
6944 1005
6945 1005
6946 1004
6947 1004
6948 1006
6949 1007
6950 896
6951 1014
6952 1004
6953 1003
6954 1004
6955 1004
6956 1005
6957 1005
6958 1005
6959 1006
6960 1004
6961 1006
6962 1004
6963 1004
6964 1006
6965 1004
6966 1005
6967 1004
6968 1005
6969 894
6970 1017
6971 1006
6972 1005
6973 1004
6974 1003
6975 1005
6976 1004
6977 1004
6978 1005
6979 1010
6980 1006
6981 1005
6982 1005
6983 1005
6984 1004
6985 1005
6986 1004
6987 896
6988 1015
6989 1003
6990 1027
6991 1005
6992 1004
6993 1003
6994 1004
6995 1004
6996 1005
6997 1004
6998 1007
6999 984
7000 1022
7001 1006
7002 1006
7003 905
7004 1003
7005 1006
7006 1006
7007 1005
7008 1006
7009 1003
7010 1024
7011 1005
7012 1006
7013 1004
7014 1004
7015 1005
7016 1005
7017 1004
7018 905
7019 1003
7020 1008
7021 1005
7022 1005
7023 1005
7024 1006
7025 1004
7026 1005
7027 1005
7028 1005
7029 1024
7030 1006
7031 1004
7032 1004
7033 895
7034 1014
7035 1004
7036 1113
7037 895
7038 1007
7039 1006
7040 1026
7041 1006
7042 1005
7043 1004
7044 1005
7045 1004
7046 1004
7047 896
7048 1014
7049 1005
7050 1006
7051 1004
7052 1004
7053 1005
7054 1004
7055 1023
7056 1003
7057 1004
7058 1005
7059 1026
7060 907
7061 1004
7062 1005
7063 1004
7064 1005
7065 1004
7066 1004
7067 1004
7068 1003
7069 1004
7070 958
7071 1004
7072 1003
7073 1005
7074 1005
7075 1005
7076 1003
7077 1003
7078 1006
7079 1004
7080 1007
7081 1005
7082 1004
7083 1005
7084 1003
7085 1005
7086 1004
7087 1006
7088 1004
7089 904
7090 1006
7091 1004
7092 1007
7093 1006
7094 1003
7095 1004
7096 1006
7097 1005
7098 1004
7099 1005
7100 1006
7101 1004
7102 1005
7103 1003
7104 1004
7105 1006
7106 1005
7107 895
7108 1013
7109 1004
7110 1008
7111 1004
7112 1005
7113 1005
7114 1006
7115 1004
7116 1005
7117 1005
7118 1005
7119 1004
7120 1007
7121 1007
7122 1004
7123 1003
7124 1005
7125 1005
7126 904
7127 1004
7128 1005
7129 1004
7130 1006
7131 1006
7132 1005
7133 1003
7134 1004
7135 1004
7136 1005
7137 1003
7138 1004
7139 1004
7140 1007
7141 1004
7142 1003
7143 1006
7144 1004
7145 1005
7146 906
7147 1006
7148 1005
7149 1005
7150 1007
7151 1005
7152 1004
7153 1005
7154 1005
7155 1004
7156 1007
7157 1005
7158 1005
7159 1003
7160 1006
7161 1005
7162 1005
7163 905
7164 1005
7165 1005
7166 1004
7167 1004
7168 1004
7169 1003
7170 1005
7171 1004
7172 1004
7173 1004
7174 1006
7175 1005
7176 1006
7177 1005
7178 1006
7179 1004
7180 1007
7181 1007
7182 895
7183 1015
7184 1004
7185 1003
7186 1004
7187 1006
7188 1004
7189 1005
7190 1016
7191 1004
7192 1004
7193 1005
7194 1004
7195 1006
7196 1004
7197 1005
7198 1004
7199 897
7200 1014
7201 1006
7202 1004
7203 1006
7204 1006
7205 1003
7206 1006
7207 1003
7208 1006
7209 1004
7210 1005
7211 1005
7212 1004
7213 1005
7214 1005
7215 1004
7216 1004
7217 1004
7218 906
7219 1004
7220 1008
7221 1005
7222 1005
7223 1004
7224 1006
7225 1005
7226 1005
7227 1005
7228 1004
7229 1005
7230 1014
7231 1005
7232 1005
7233 1006
7234 895
7235 1015
7236 1004
7237 1005
7238 1004
7239 1006
7240 1005
7241 1005
7242 1006
7243 1006
7244 1004
7245 1005
7246 1005
7247 1004
7248 1004
7249 1005
7250 1006
7251 1005
7252 895
7253 1014
7254 1005
7255 1005
7256 1005
7257 1003
7258 1005
7259 1004
7260 1009
7261 1005
7262 1004
7263 1006
7264 1004
7265 1004
7266 1006
7267 1004
7268 1005
7269 1003
7270 901
7271 1015
7272 1006
7273 1005
7274 1003
7275 1005
7276 1006
7277 1005
7278 1006
7279 1005
7280 1005
7281 1005
7282 1004
7283 1006
7284 1005
7285 1006
7286 1004
7287 1004
7288 896
7289 1013
7290 1005
7291 1005
7292 1006
7293 1004
7294 1005
7295 1004
7296 1005
7297 1005
7298 1004
7299 1004
7300 1008
7301 1005
7302 1007
7303 1004
7304 1006
7305 1003
7306 895
7307 1013
7308 1004
7309 1005
7310 1007
7311 1006
7312 1005
7313 1004
7314 1006
7315 1003
7316 1006
7317 1003
7318 1005
7319 1004
7320 1009
7321 1005
7322 1004
7323 1004
7324 1005
7325 905
7326 1005
7327 1004
7328 1005
7329 1005
7330 1007
7331 1004
7332 1004
7333 1004
7334 1003
7335 1004
7336 1005
7337 1006
7338 1003
7339 1005
7340 1005
7341 1006
7342 1005
7343 1005
7344 906
7345 1005
7346 1006
7347 1004
7348 1006
7349 1003
7350 1006
7351 1007
7352 1004
7353 1004
7354 1005
7355 1005
7356 1006
7357 1004
7358 1004
7359 1005
7360 1008
7361 1005
7362 904
7363 1004
7364 1006
7365 1003
7366 1004
7367 1007
7368 1005
7369 1005
7370 1006
7371 1004
7372 1004
7373 1007
7374 1006
7375 1005
7376 1006
7377 1006
7378 1006
7379 895
7380 1015
7381 1007
7382 1005
7383 1004
7384 1007
7385 1005
7386 1005
7387 1004
7388 1005
7389 1006
7390 1008
7391 1004
7392 1004
7393 1004
7394 1004
7395 1006
7396 896
7397 1013
7398 1005
7399 1004
7400 1024
7401 1004
7402 1005
7403 1005
7404 1005
7405 1006
7406 1005
7407 1004
7408 1007
7409 1004
7410 1007
7411 896
7412 1013
7413 1005
7414 1005
7415 1004
7416 1005
7417 1005
7418 1004
7419 1005
7420 1009
7421 1004
7422 1005
7423 1004
7424 1005
7425 1004
7426 1004
7427 1006
7428 1004
7429 1003
7430 1005
7431 905
7432 1006
7433 1006
7434 1006
7435 1006
7436 1003
7437 1004
7438 1006
7439 1004
7440 1027
7441 1006
7442 1004
7443 1006
7444 895
7445 1013
7446 1004
7447 1004
7448 1005
7449 1004
7450 1074
7451 905
7452 1005
7453 1006
7454 1004
7455 1003
7456 1004
7457 1007
7458 1005
7459 1006
7460 1024
7461 1006
7462 1004
7463 1005
7464 1005
7465 896
7466 1012
7467 1006
7468 1003
7469 1004
7470 1007
7471 1005
7472 1005
7473 1005
7474 1004
7475 1006
7476 1006
7477 1004
7478 1004
7479 1005
7480 1005
7481 1004
7482 1007
7483 1003
7484 906
7485 1003
7486 1003
7487 1003
7488 1005
7489 1005
7490 1004
7491 1004
7492 1004
7493 1004
7494 1005
7495 1005
7496 1006
7497 1004
7498 1004
7499 1005
7500 1019
7501 898
7502 1014
7503 1005
7504 1005
7505 1003
7506 1004
7507 1005
7508 1006
7509 1005
7510 1005
7511 1006
7512 1005
7513 1005
7514 1004
7515 1004
7516 1007
7517 1005
7518 1006
7519 896
7520 1018
7521 1005
7522 1006
7523 1004
7524 1006
7525 1003
7526 1003
7527 1004
7528 1004
7529 1005
7530 1006
7531 1005
7532 1005
7533 1005
7534 1004
7535 1005
7536 1004
7537 1005
7538 896
7539 1014
7540 1007
7541 1005
7542 1005
7543 1006
7544 1004
7545 1005
7546 1005
7547 1004
7548 1006
7549 1003
7550 1006
7551 1005
7552 1003
7553 1004
7554 1004
7555 1006
7556 894
7557 1013
7558 1006
7559 1005
7560 1006
7561 1005
7562 1005
7563 1005
7564 1004
7565 1005
7566 1004
7567 1023
7568 1003
7569 1005
7570 1008
7571 896
7572 1017
7573 1005
7574 1004
7575 1005
7576 1004
7577 1003
7578 1004
7579 1005
7580 1006
7581 1005
7582 1004
7583 1005
7584 1005
7585 1003
7586 1006
7587 1004
7588 1006
7589 1003
7590 898
7591 1015
7592 1005
7593 1005
7594 1006
7595 1004
7596 1006
7597 1004
7598 1004
7599 1006
7600 1005
7601 1006
7602 1006
7603 1007
7604 1007
7605 1005
7606 897
7607 1014
7608 1004
7609 1003
7610 1029
7611 1005
7612 1006
7613 1005
7614 1005
7615 1006
7616 1005
7617 1005
7618 1004
7619 1004
7620 1006
7621 905
7622 1004
7623 1005
7624 1004
7625 1005
7626 1005
7627 1004
7628 1004
7629 1005
7630 1008
7631 1005
7632 1006
7633 1005
7634 1005
7635 1006
7636 1003
7637 1005
7638 1003
7639 1004
7640 978
7641 1006
7642 1004
7643 1005
7644 896
7645 1014
7646 1006
7647 1005
7648 1004
7649 1004
7650 1006
7651 1004
7652 1003
7653 1004
7654 1004
7655 1005
7656 1004
7657 1004
7658 1004
7659 1003
7660 1008
7661 1005
7662 1004
7663 1005
7664 895
7665 1015
7666 1005
7667 1006
7668 1003
7669 1005
7670 1006
7671 1004
7672 1004
7673 1006
7674 1005
7675 1004
7676 1005
7677 1004
7678 1004
7679 1005
7680 1005
7681 1005
7682 1005
7683 896
7684 1014
7685 1005
7686 1005
7687 1004
7688 1005
7689 1005
7690 1005
7691 1006
7692 1004
7693 1005
7694 1005
7695 1006
7696 1003
7697 1007
7698 1003
7699 1005
7700 1005
7701 897
7702 1012
7703 1004
7704 1005
7705 1007
7706 1005
7707 1005
7708 1004
7709 1003
7710 1007
7711 1006
7712 1005
7713 1004
7714 1005
7715 1005
7716 1004
7717 1005
7718 1004
7719 1004
7720 898
7721 1014
7722 1003
7723 1005
7724 1005
7725 1005
7726 1004
7727 1004
7728 1004
7729 1004
7730 1005
7731 1006
7732 1004
7733 1005
7734 1003
7735 1003
7736 1004
7737 1005
7738 1004
7739 1006
7740 911
7741 1005
7742 1004
7743 1005
7744 1005
7745 1007
7746 1005
7747 1006
7748 1004
7749 1003
7750 1006
7751 1005
7752 1005
7753 1005
7754 1004
7755 1004
7756 1004
7757 896
7758 1014
7759 1004
7760 1006
7761 1005
7762 1002
7763 1004
7764 1004
7765 1005
7766 1004
7767 1004
7768 1004
7769 1006
7770 1005
7771 1005
7772 1004
7773 1005
7774 1004
7775 1004
7776 1004
7777 896
7778 1015
7779 1004
7780 1012
7781 1004
7782 1005
7783 1005
7784 1004
7785 1005
7786 1004
7787 1006
7788 1003
7789 1004
7790 1005
7791 1006
7792 1006
7793 1006
7794 1005
7795 894
7796 1015
7797 1004
7798 1004
7799 1005
7800 1009
7801 1004
7802 1006
7803 1005
7804 1004
7805 1005
7806 1003
7807 1004
7808 1004
7809 1006
7810 1006
7811 1006
7812 1005
7813 896
7814 1015
7815 1004
7816 1005
7817 1005
7818 1005
7819 1005
7820 1009
7821 1005
7822 1005
7823 1005
7824 1005
7825 1005
7826 1005
7827 1004
7828 1004
7829 1004
7830 973
7831 1005
7832 1006
7833 1005
7834 1005
7835 1004
7836 1005
7837 897
7838 1014
7839 1115
7840 897
7841 1004
7842 1005
7843 1004
7844 1003
7845 1004
7846 1007
7847 1004
7848 1005
7849 1005
7850 1006
7851 1005
7852 1003
7853 1006
7854 1003
7855 1004
7856 906
7857 1003
7858 1005
7859 1005
7860 1006
7861 1007
7862 1006
7863 1006
7864 1004
7865 1002
7866 1004
7867 1005
7868 1004
7869 1005
7870 1011
7871 1004
7872 1005
7873 1004
7874 904
7875 1006
7876 1004
7877 1003
7878 1005
7879 1005
7880 1005
7881 1006
7882 1006
7883 1005
7884 1006
7885 1005
7886 1004
7887 1004
7888 1004
7889 1004
7890 1007
7891 1005
7892 906
7893 1003
7894 1005
7895 1004
7896 1004
7897 1005
7898 1005
7899 1003
7900 1005
7901 1007
7902 1004
7903 1005
7904 1005
7905 1005
7906 1004
7907 1005
7908 1006
7909 1003
7910 1007
7911 906
7912 1004
7913 1006
7914 1006
7915 1003
7916 1005
7917 1005
7918 1004
7919 1004
7920 1006
7921 1006
7922 1005
7923 1005
7924 1004
7925 1004
7926 1004
7927 1006
7928 1004
7929 896
7930 1005
7931 1014
7932 1005
7933 1005
7934 1003
7935 1005
7936 1004
7937 1005
7938 1006
7939 1006
7940 1006
7941 1004
7942 1003
7943 1004
7944 1005
7945 1005
7946 1004
7947 1005
7948 898
7949 1015
7950 1005
7951 1005
7952 1005
7953 1005
7954 1004
7955 1004
7956 1006
7957 1006
7958 1004
7959 1003
7960 1006
7961 1006
7962 1005
7963 1005
7964 1004
7965 1005
7966 895
7967 1015
7968 1005
7969 1004
7970 1009
7971 1006
7972 1004
7973 1004
7974 1004
7975 1003
7976 1006
7977 1005
7978 1005
7979 1006
7980 1008
7981 1006
7982 1005
7983 1004
7984 895
7985 1013
7986 1005
7987 1004
7988 1005
7989 1005
7990 1005
7991 1006
7992 1004
7993 1004
7994 1004
7995 1004
7996 1005
7997 1005
7998 1005
7999 1004
8000 1006
8001 1005
8002 1004
8003 906
8004 1005
8005 1004
8006 1005
8007 1005
8008 1005
8009 1006
8010 1007
8011 1006
8012 1004
8013 1004
8014 1006
8015 1004
8016 1004
8017 1005
8018 1003
8019 1005
8020 1009
8021 905
8022 1005
8023 1005
8024 1003
8025 1005
8026 1005
8027 1005
8028 1006
8029 1006
8030 1010
8031 1005
8032 1003
8033 1004
8034 1006
8035 1004
8036 1005
8037 1005
8038 1004
8039 896
8040 1015
8041 1007
8042 1002
8043 1004
8044 1004
8045 1004
8046 1006
8047 1004
8048 1005
8049 1005
8050 1006
8051 1006
8052 1003
8053 1004
8054 1005
8055 1004
8056 1005
8057 1005
8058 904
8059 1004
8060 1005
8061 1005
8062 1005
8063 1006
8064 1003
8065 1005
8066 1005
8067 1005
8068 1004
8069 1005
8070 1022
8071 1005
8072 1005
8073 896
8074 1014
8075 1004
8076 1006
8077 1003
8078 1006
8079 1023
8080 1018
8081 1004
8082 1004
8083 1004
8084 1004
8085 1004
8086 1004
8087 906
8088 1005
8089 1005
8090 1005
8091 1005
8092 1004
8093 1004
8094 1004
8095 1006
8096 1006
8097 1004
8098 1005
8099 1004
8100 1013
8101 1005
8102 1006
8103 1005
8104 894
8105 1013
8106 1004
8107 1003
8108 1004
8109 1004
8110 1006
8111 1006
8112 1004
8113 1004
8114 1004
8115 1005
8116 1006
8117 1004
8118 1005
8119 1005
8120 1013
8121 1004
8122 1004
8123 904
8124 1004
8125 1005
8126 1004
8127 1004
8128 1005
8129 1003
8130 1007
8131 1005
8132 1004
8133 1005
8134 1004
8135 1004
8136 1004
8137 1003
8138 1005
8139 1005
8140 1016
8141 896
8142 1015
8143 1002
8144 1006
8145 1003
8146 1005
8147 1003
8148 1004
8149 1005
8150 1008
8151 1006
8152 1003
8153 1004
8154 1005
8155 1005
8156 1004
8157 1006
8158 1005
8159 1005
8160 911
8161 1007
8162 1006
8163 1005
8164 1004
8165 1004
8166 1005
8167 1003
8168 1005
8169 1004
8170 1005
8171 1006
8172 1005
8173 1005
8174 1004
8175 1006
8176 1005
8177 894
8178 1015
8179 1004
8180 1006
8181 1004
8182 1006
8183 1005
8184 1002
8185 1005
8186 1004
8187 1004
8188 1004
8189 1005
8190 1006
8191 1004
8192 1004
8193 1007
8194 1004
8195 1005
8196 896
8197 1014
8198 1004
8199 1005
8200 1006
8201 1005
8202 1005
8203 1004
8204 1005
8205 1004
8206 1005
8207 1003
8208 1003
8209 1004
8210 1004
8211 1005
8212 1003
8213 1004
8214 1005
8215 1003
8216 1004
8217 905
8218 1005
8219 1005
8220 1018
8221 1006
8222 1005
8223 1004
8224 1004
8225 1004
8226 1007
8227 1004
8228 1005
8229 1005
8230 989
8231 1004
8232 1006
8233 1004
8234 1005
8235 1005
8236 905
8237 1006
8238 1004
8239 1004
8240 1024
8241 1004
8242 1005
8243 1005
8244 1005
8245 1006
8246 1005
8247 1004
8248 1003
8249 1004
8250 1006
8251 896
8252 1014
8253 1004
8254 1007
8255 1005
8256 1002
8257 1007
8258 1004
8259 1004
8260 1010
8261 1005
8262 1004
8263 1003
8264 1004
8265 1006
8266 1003
8267 1006
8268 1004
8269 1004
8270 978
8271 1007
8272 1005
8273 1004
8274 897
8275 1013
8276 1005
8277 1004
8278 1005
8279 1005
8280 1006
8281 1005
8282 1005
8283 1005
8284 1004
8285 1006
8286 1005
8287 1005
8288 1003
8289 1004
8290 1007
8291 1004
8292 1006
8293 894
8294 1015
8295 1004
8296 1005
8297 1003
8298 1003
8299 1005
8300 1008
8301 1004
8302 1004
8303 1008
8304 1004
8305 1004
8306 1005
8307 1004
8308 1006
8309 1005
8310 1006
8311 1005
8312 905
8313 1003
8314 1004
8315 1004
8316 1005
8317 1005
8318 1004
8319 1004
8320 1008
8321 1004
8322 1004
8323 1004
8324 1004
8325 1005
8326 1005
8327 1005
8328 1003
8329 1005
8330 1007
8331 896
8332 1016
8333 1003
8334 1005
8335 1004
8336 1004
8337 1003
8338 1007
8339 1006
8340 1006
8341 1005
8342 1005
8343 1004
8344 1002
8345 1005
8346 1005
8347 1003
8348 1005
8349 1004
8350 1004
8351 896
8352 1014
8353 1005
8354 1005
8355 1004
8356 1003
8357 1004
8358 1004
8359 1004
8360 1007
8361 1005
8362 1004
8363 1004
8364 1006
8365 1006
8366 1005
8367 1005
8368 1004
8369 897
8370 1020
8371 1005
8372 1004
8373 1004
8374 1005
8375 1005
8376 1003
8377 1004
8378 1004
8379 1004
8380 1007
8381 1005
8382 1004
8383 1004
8384 1004
8385 1004
8386 1005
8387 1004
8388 896
8389 1013
8390 1005
8391 1114
8392 895
8393 1004
8394 1005
8395 1005
8396 1004
8397 1004
8398 1005
8399 1004
8400 1007
8401 1004
8402 1004
8403 1004
8404 1004
8405 1005
8406 1003
8407 1005
8408 895
8409 1014
8410 1015
8411 1004
8412 1004
8413 1005
8414 1005
8415 1006
8416 1005
8417 1005
8418 1004
8419 1006
8420 1006
8421 1005
8422 1004
8423 1004
8424 1005
8425 905
8426 1005
8427 1004
8428 1007
8429 1006
8430 914
8431 1108
8432 1006
8433 1005
8434 1003
8435 1005
8436 1002
8437 1005
8438 1004
8439 1005
8440 1006
8441 1007
8442 907
8443 1005
8444 1004
8445 1004
8446 1006
8447 1005
8448 1005
8449 1004
8450 1006
8451 1004
8452 1005
8453 1005
8454 1005
8455 1004
8456 1004
8457 1004
8458 1004
8459 1005
8460 908
8461 1006
8462 1007
8463 1005
8464 1005
8465 1004
8466 1005
8467 1005
8468 1004
8469 1005
8470 905
8471 1107
8472 1005
8473 1005
8474 1005
8475 1005
8476 1005
8477 905
8478 1003
8479 1005
8480 1007
8481 1004
8482 1004
8483 1005
8484 1002
8485 1005
8486 1005
8487 1004
8488 1004
8489 1002
8490 1018
8491 1007
8492 1004
8493 1004
8494 896
8495 1013
8496 1004
8497 1004
8498 1004
8499 1007
8500 1010
8501 1005
8502 1006
8503 1005
8504 1005
8505 1004
8506 1004
8507 1004
8508 1005
8509 1005
8510 1007
8511 1005
8512 896
8513 1013
8514 1006
8515 1004
8516 1005
8517 1005
8518 1004
8519 1005
8520 1006
8521 1005
8522 1005
8523 1005
8524 1003
8525 1005
8526 1004
8527 1005
8528 1005
8529 1006
8530 1008
8531 905
8532 1004
8533 1006
8534 1006
8535 1004
8536 1003
8537 1005
8538 1005
8539 1005
8540 1006
8541 1004
8542 1006
8543 1004
8544 1005
8545 1005
8546 1006
8547 1004
8548 897
8549 1014
8550 1117
8551 894
8552 1004
8553 1005
8554 1004
8555 1004
8556 1006
8557 1004
8558 1005
8559 1003
8560 1006
8561 1004
8562 1002
8563 1003
8564 1005
8565 1005
8566 1004
8567 1004
8568 1004
8569 906
8570 1115
8571 896
8572 1005
8573 1005
8574 1006
8575 1004
8576 1008
8577 1005
8578 1005
8579 1005
8580 1007
8581 1005
8582 1005
8583 1003
8584 1004
8585 1005
8586 896
8587 1016
8588 1005
8589 1005
8590 1113
8591 916
8592 1005
8593 1005
8594 1004
8595 1005
8596 1005
8597 1003
8598 1005
8599 1004
8600 1029
8601 897
8602 1005
8603 1005
8604 1006
8605 1003
8606 1006
8607 1004
8608 1005
8609 1003
8610 1007
8611 1004
8612 1005
8613 1004
8614 1003
8615 1006
8616 1004
8617 896
8618 1012
8619 1005
8620 1030
8621 998
8622 1004
8623 1005
8624 1004
8625 1005
8626 1004
8627 1004
8628 1005
8629 1004
8630 1005
8631 1006
8632 1004
8633 895
8634 1014
8635 1006
8636 1003
8637 1005
8638 1004
8639 1004
8640 1007
8641 1006
8642 1003
8643 1007
8644 1003
8645 1005
8646 1005
8647 1006
8648 1004
8649 1004
8650 1006
8651 1006
8652 905
8653 1003
8654 1004
8655 1005
8656 1004
8657 1004
8658 1006
8659 1006
8660 1006
8661 1005
8662 1005
8663 1006
8664 1007
8665 1005
8666 1003
8667 1006
8668 1004
8669 1004
8670 839
8671 1131
8672 1004
8673 1008
8674 1005
8675 1003
8676 1005
8677 896
8678 1011
8679 1004
8680 1006
8681 1004
8682 1005
8683 1004
8684 1003
8685 1004
8686 1005
8687 1006
8688 1005
8689 1005
8690 1005
8691 1005
8692 1006
8693 1004
8694 1005
8695 1004
8696 1004
8697 896
8698 1014
8699 1004
8700 1006
8701 1005
8702 1004
8703 1005
8704 1004
8705 1005
8706 1005
8707 1007
8708 1003
8709 1005
8710 1005
8711 1004
8712 1005
8713 1005
8714 1005
8715 1005
8716 905
8717 1005
8718 1004
8719 1003
8720 1006
8721 1005
8722 1007
8723 1005
8724 1004
8725 1003
8726 1005
8727 1005
8728 1005
8729 1005
8730 1008
8731 1006
8732 1006
8733 1003
8734 895
8735 1017
8736 1006
8737 1005
8738 1004
8739 1003
8740 1006
8741 1004
8742 1007
8743 1005
8744 1005
8745 1005
8746 1004
8747 1004
8748 1004
8749 1005
8750 1021
8751 900
8752 1005
8753 1004
8754 1007
8755 1005
8756 1003
8757 1005
8758 1005
8759 1003
8760 1006
8761 1006
8762 1005
8763 1003
8764 1004
8765 1004
8766 1006
8767 1004
8768 1003
8769 1005
8770 907
8771 1007
8772 1005
8773 1005
8774 1004
8775 1007
8776 1003
8777 1005
8778 1006
8779 1004
8780 1007
8781 1006
8782 1004
8783 1005
8784 1004
8785 1005
8786 1004
8787 896
8788 1016
8789 1004
8790 1007
8791 1007
8792 1003
8793 1006
8794 1004
8795 1004
8796 1003
8797 1005
8798 1005
8799 1005
8800 1006
8801 1007
8802 1004
8803 1005
8804 1005
8805 895
8806 1014
8807 1007
8808 1007
8809 1005
8810 1006
8811 1006
8812 1003
8813 1004
8814 1005
8815 1004
8816 1005
8817 1004
8818 1004
8819 1005
8820 1007
8821 1005
8822 1004
8823 1004
8824 905
8825 1004
8826 1005
8827 1006
8828 1003
8829 1006
8830 985
8831 1023
8832 1003
8833 1004
8834 1003
8835 1004
8836 1003
8837 1006
8838 1005
8839 1005
8840 1006
8841 1005
8842 1006
8843 895
8844 1013
8845 1003
8846 1005
8847 1004
8848 1005
8849 1004
8850 1006
8851 1006
8852 1005
8853 1004
8854 1004
8855 1005
8856 1004
8857 1004
8858 1005
8859 1005
8860 1006
8861 1005
8862 896
8863 1012
8864 1004
8865 1006
8866 1005
8867 1003
8868 1004
8869 1006
8870 1003
8871 1022
8872 1005
8873 1007
8874 1004
8875 1005
8876 1004
8877 1005
8878 895
8879 1014
8880 1005
8881 1024
8882 1004
8883 1005
8884 1005
8885 1004
8886 1004
8887 1004
8888 1004
8889 1004
8890 1004
8891 1007
8892 1003
8893 1005
8894 1004
8895 906
8896 1004
8897 1005
8898 1006
8899 1005
8900 1142
8901 897
8902 1004
8903 1005
8904 1003
8905 1007
8906 1006
8907 1003
8908 906
8909 1006
8910 1003
8911 1026
8912 1004
8913 1005
8914 1005
8915 1003
8916 1004
8917 1004
8918 1006
8919 1003
8920 1005
8921 1005
8922 1004
8923 895
8924 1015
8925 1005
8926 1004
8927 1004
8928 1006
8929 1003
8930 1004
8931 1024
8932 1005
8933 1004
8934 1004
8935 1004
8936 1005
8937 1004
8938 1005
8939 895
8940 1015
8941 1004
8942 1006
8943 1114
8944 896
8945 1004
8946 1006
8947 1005
8948 1006
8949 1005
8950 1135
8951 897
8952 1004
8953 1004
8954 906
8955 1004
8956 1005
8957 1003
8958 1005
8959 1004
8960 1007
8961 1007
8962 1006
8963 1005
8964 1005
8965 1006
8966 1006
8967 1004
8968 1004
8969 1003
8970 1008
8971 897
8972 1015
8973 1004
8974 1006
8975 1003
8976 1004
8977 1005
8978 1004
8979 1003
8980 1004
8981 1007
8982 1006
8983 1004
8984 1004
8985 1004
8986 1006
8987 1006
8988 1004
8989 1004
8990 896
8991 1016
8992 1004
8993 1005
8994 1005
8995 1005
8996 1004
8997 1004
8998 1005
8999 1005
9000 1004
9001 1005
9002 1007
9003 1004
9004 1004
9005 1004
9006 1007
9007 1006
9008 1005
9009 905
9010 1006
9011 1007
9012 1005
9013 1005
9014 1003
9015 1004
9016 1004
9017 1005
9018 1005
9019 1005
9020 1003
9021 1005
9022 1006
9023 1005
9024 1005
9025 1006
9026 1003
9027 895
9028 1013
9029 1004
9030 1004
9031 1006
9032 1003
9033 1003
9034 1004
9035 1005
9036 1004
9037 1005
9038 1004
9039 1006
9040 1004
9041 1008
9042 1005
9043 1005
9044 1004
9045 1003
9046 1004
9047 907
9048 1004
9049 1004
9050 1004
9051 1006
9052 1004
9053 1008
9054 1004
9055 1007
9056 1004
9057 1005
9058 1004
9059 1005
9060 1005
9061 1007
9062 1006
9063 1004
9064 1003
9065 895
9066 1013
9067 1005
9068 1003
9069 1006
9070 1004
9071 1016
9072 1005
9073 1003
9074 1004
9075 1006
9076 1005
9077 1005
9078 1005
9079 1005
9080 1006
9081 953
9082 1006
9083 1004
9084 1004
9085 1004
9086 1002
9087 1005
9088 1003
9089 1005
9090 1006
9091 1007
9092 1004
9093 895
9094 1012
9095 1006
9096 1007
9097 1004
9098 1005
9099 1004
9100 1006
9101 1007
9102 1005
9103 1005
9104 1005
9105 1003
9106 1005
9107 1005
9108 1003
9109 1005
9110 1004
9111 898
9112 1014
9113 1004
9114 1006
9115 1005
9116 1004
9117 1005
9118 1005
9119 1005
9120 1005
9121 1008
9122 1006
9123 1005
9124 1003
9125 1005
9126 1005
9127 1003
9128 1004
9129 896
9130 1014
9131 1006
9132 1005
9133 1004
9134 1005
9135 1004
9136 1005
9137 1004
9138 1005
9139 1004
9140 1005
9141 1008
9142 1006
9143 1005
9144 1005
9145 1004
9146 1004
9147 1004
9148 906
9149 1004
9150 1005
9151 1007
9152 1005
9153 1002
9154 1004
9155 1004
9156 1004
9157 1004
9158 1005
9159 1003
9160 1004
9161 1007
9162 1005
9163 1005
9164 1006
9165 1006
9166 896
9167 1014
9168 1006
9169 1005
9170 1003
9171 1006
9172 1006
9173 1004
9174 1005
9175 1005
9176 1006
9177 1005
9178 1004
9179 1005
9180 1005
9181 1006
9182 1006
9183 1004
9184 1005
9185 904
9186 1005
9187 1004
9188 1005
9189 1005
9190 1006
9191 1006
9192 1004
9193 1006
9194 1003
9195 1005
9196 1003
9197 1005
9198 1005
9199 1005
9200 1006
9201 1007
9202 1005
9203 904
9204 1005
9205 1005
9206 1005
9207 1005
9208 1005
9209 1004
9210 1005
9211 1006
9212 1005
9213 1007
9214 1004
9215 1006
9216 1001
9217 1004
9218 1004
9219 1006
9220 1005
9221 1006
9222 905
9223 1004
9224 1005
9225 1005
9226 1003
9227 1004
9228 1004
9229 1005
9230 1006
9231 1006
9232 1005
9233 1004
9234 1004
9235 1003
9236 1004
9237 1004
9238 1004
9239 1005
9240 1004
9241 918
9242 1005
9243 1003
9244 1005
9245 1004
9246 1004
9247 1006
9248 1005
9249 1004
9250 1005
9251 1006
9252 1005
9253 1004
9254 1005
9255 1005
9256 1005
9257 1005
9258 894
9259 1013
9260 1004
9261 1006
9262 1008
9263 1004
9264 1003
9265 1006
9266 1005
9267 1004
9268 1003
9269 1005
9270 1003
9271 990
9272 1006
9273 1006
9274 1004
9275 1005
9276 1005
9277 1005
9278 1006
9279 1003
9280 1004
9281 918
9282 1006
9283 1005
9284 1005
9285 1005
9286 1006
9287 1004
9288 1004
9289 1005
9290 1005
9291 1007
9292 1006
9293 1005
9294 1005
9295 1005
9296 905
9297 1004
9298 1006
9299 1004
9300 1005
9301 1012
9302 1008
9303 1004
9304 1005
9305 1004
9306 1007
9307 1003
9308 1005
9309 1004
9310 1004
9311 1007
9312 1005
9313 906
9314 1004
9315 1004
9316 1006
9317 1006
9318 1005
9319 1005
9320 1004
9321 1006
9322 1004
9323 1005
9324 1004
9325 1004
9326 1005
9327 1004
9328 1004
9329 1005
9330 1005
9331 898
9332 1013
9333 1005
9334 1005
9335 1005
9336 1005
9337 1005
9338 1005
9339 1006
9340 1006
9341 1008
9342 1005
9343 1004
9344 1005
9345 1006
9346 1005
9347 1003
9348 1005
9349 905
9350 1004
9351 1006
9352 1006
9353 1005
9354 1005
9355 1004
9356 1004
9357 1005
9358 1004
9359 1003
9360 1004
9361 1006
9362 1004
9363 1004
9364 1004
9365 1004
9366 1006
9367 1004
9368 896
9369 1013
9370 1004
9371 1006
9372 1005
9373 1004
9374 1006
9375 1003
9376 1004
9377 1005
9378 1005
9379 1006
9380 1005
9381 1006
9382 1005
9383 1005
9384 1004
9385 1005
9386 1005
9387 895
9388 1013
9389 1005
9390 1008
9391 1005
9392 1006
9393 1004
9394 1004
9395 1005
9396 1005
9397 1006
9398 1003
9399 1005
9400 1004
9401 1012
9402 1004
9403 1005
9404 896
9405 1015
9406 1005
9407 1003
9408 1005
9409 1005
9410 1004
9411 1005
9412 1005
9413 1006
9414 1006
9415 1004
9416 1005
9417 1005
9418 1005
9419 1005
9420 1006
9421 1005
9422 897
9423 1013
9424 1006
9425 1004
9426 1004
9427 1004
9428 1005
9429 1004
9430 1005
9431 1006
9432 1006
9433 1006
9434 1004
9435 1005
9436 1005
9437 1005
9438 1004
9439 1005
9440 1004
9441 899
9442 1015
9443 1007
9444 1005
9445 1004
9446 1005
9447 1004
9448 1005
9449 1004
9450 1006
9451 1007
9452 1004
9453 1004
9454 1005
9455 1004
9456 1004
9457 1004
9458 1004
9459 896
9460 1013
9461 1008
9462 1004
9463 1005
9464 1004
9465 1004
9466 1007
9467 1003
9468 1004
9469 1004
9470 1004
9471 971
9472 1007
9473 1004
9474 1005
9475 1005
9476 1004
9477 1006
9478 1004
9479 1006
9480 1004
9481 954
9482 1005
9483 1005
9484 1003
9485 1004
9486 1005
9487 1006
9488 1004
9489 1004
9490 1004
9491 1007
9492 1004
9493 1004
9494 1005
9495 1006
9496 905
9497 1006
9498 1005
9499 1005
9500 1003
9501 1007
9502 1004
9503 1007
9504 1005
9505 1006
9506 1006
9507 1005
9508 1004
9509 1006
9510 1005
9511 1006
9512 905
9513 1005
9514 1005
9515 1005
9516 1003
9517 1004
9518 1004
9519 1004
9520 1003
9521 1008
9522 1004
9523 1005
9524 1006
9525 1003
9526 1005
9527 1006
9528 1004
9529 1005
9530 896
9531 1017
9532 1006
9533 1006
9534 1006
9535 1004
9536 1003
9537 1004
9538 1005
9539 1005
9540 1005
9541 1008
9542 1005
9543 1005
9544 1004
9545 1005
9546 1005
9547 1005
9548 896
9549 1014
9550 1005
9551 1006
9552 1004
9553 1004
9554 1005
9555 1003
9556 1005
9557 1005
9558 1004
9559 1003
9560 1004
9561 1006
9562 1004
9563 1005
9564 1003
9565 1006
9566 1004
9567 1004
9568 896
9569 1014
9570 1006
9571 1008
9572 1004
9573 1005
9574 1004
9575 1005
9576 1004
9577 1004
9578 1005
9579 1006
9580 1004
9581 1007
9582 1005
9583 1004
9584 1004
9585 1004
9586 1005
9587 905
9588 1003
9589 1005
9590 1003
9591 1005
9592 1004
9593 1003
9594 1005
9595 1003
9596 1006
9597 1004
9598 1002
9599 1006
9600 1003
9601 1012
9602 1005
9603 1005
9604 1006
9605 896
9606 1015
9607 1005
9608 1004
9609 1005
9610 1003
9611 1008
9612 1005
9613 1005
9614 1006
9615 1004
9616 1004
9617 1004
9618 1004
9619 1004
9620 1004
9621 1009
9622 1007
9623 896
9624 1013
9625 1005
9626 1005
9627 1005
9628 1004
9629 1004
9630 1007
9631 1006
9632 1006
9633 1006
9634 1005
9635 1004
9636 1005
9637 1004
9638 1004
9639 1004
9640 1005
9641 1007
9642 906
9643 1004
9644 1005
9645 1004
9646 1005
9647 1005
9648 1005
9649 1004
9650 1005
9651 1006
9652 1004
9653 1004
9654 1006
9655 1005
9656 1005
9657 1004
9658 1005
9659 1005
9660 895
9661 1016
9662 1005
9663 1004
9664 1005
9665 1004
9666 1006
9667 1004
9668 1005
9669 1006
9670 1006
9671 964
9672 1005
9673 1005
9674 1004
9675 1005
9676 1004
9677 1005
9678 1005
9679 1003
9680 1004
9681 961
9682 1004
9683 1004
9684 1005
9685 1006
9686 1004
9687 1004
9688 1005
9689 1005
9690 1005
9691 1007
9692 1005
9693 1006
9694 896
9695 1014
9696 1004
9697 1004
9698 1006
9699 1006
9700 1004
9701 1006
9702 1005
9703 1004
9704 1006
9705 1003
9706 1004
9707 1005
9708 1004
9709 1006
9710 1004
9711 1007
9712 896
9713 1013
9714 1003
9715 1006
9716 1007
9717 1003
9718 1004
9719 1007
9720 1006
9721 1006
9722 1004
9723 1005
9724 1003
9725 1006
9726 1003
9727 1004
9728 1004
9729 1005
9730 1004
9731 1006
9732 904
9733 1004
9734 1006
9735 1003
9736 1005
9737 1005
9738 1005
9739 1003
9740 1005
9741 1006
9742 1005
9743 1005
9744 1004
9745 1004
9746 1005
9747 1004
9748 1004
9749 1004
9750 1005
9751 897
9752 1016
9753 1003
9754 1005
9755 1005
9756 1004
9757 1005
9758 1003
9759 1006
9760 1003
9761 1006
9762 1004
9763 1004
9764 1006
9765 1007
9766 1003
9767 1005
9768 1003
9769 1005
9770 895
9771 1015
9772 1008
9773 1003
9774 1004
9775 1004
9776 1004
9777 1004
9778 1006
9779 1005
9780 1004
9781 1008
9782 1006
9783 1004
9784 1004
9785 1004
9786 1005
9787 1005
9788 1003
9789 896
9790 1015
9791 1008
9792 1004
9793 1007
9794 1004
9795 1005
9796 1005
9797 1005
9798 1005
9799 1006
9800 1004
9801 1007
9802 1005
9803 1004
9804 1004
9805 1005
9806 897
9807 1013
9808 1005
9809 1003
9810 1006
9811 1005
9812 1006
9813 1006
9814 1004
9815 1005
9816 1004
9817 1006
9818 1005
9819 1005
9820 1004
9821 1011
9822 1005
9823 1004
9824 906
9825 1004
9826 1005
9827 1003
9828 1005
9829 1002
9830 1005
9831 1005
9832 1005
9833 1002
9834 1004
9835 1004
9836 1005
9837 1003
9838 1006
9839 1007
9840 1005
9841 1012
9842 1004
9843 896
9844 1015
9845 1005
9846 1005
9847 1006
9848 1004
9849 1003
9850 1005
9851 1006
9852 1004
9853 1006
9854 1007
9855 1004
9856 1004
9857 1004
9858 1004
9859 1006
9860 1007
9861 906
9862 1007
9863 1004
9864 1004
9865 1005
9866 1005
9867 1004
9868 1005
9869 1007
9870 1004
9871 963
9872 1006
9873 1004
9874 1005
9875 1004
9876 1005
9877 1004
9878 1004
9879 1004
9880 1005
9881 959
9882 1005
9883 1005
9884 1005
9885 1004
9886 1005
9887 1003
9888 1006
9889 1005
9890 1005
9891 1007
9892 1006
9893 1005
9894 1006
9895 895
9896 1013
9897 1006
9898 1003
9899 1006
9900 1005
9901 1008
9902 1004
9903 1006
9904 1006
9905 1005
9906 1004
9907 1004
9908 1005
9909 1005
9910 1004
9911 1007
9912 898
9913 1014
9914 1004
9915 1004
9916 1005
9917 1004
9918 1004
9919 1005
9920 1005
9921 1006
9922 1006
9923 1005
9924 1007
9925 1006
9926 1004
9927 1005
9928 1004
9929 1004
9930 897
9931 1014
9932 1005
9933 1005
9934 1006
9935 1003
9936 1005
9937 1004
9938 1005
9939 1005
9940 1002
9941 1006
9942 1005
9943 1004
9944 1006
9945 1004
9946 1005
9947 1004
9948 1004
9949 1005
9950 894
9951 1018
9952 1005
9953 1004
9954 1005
9955 1004
9956 1004
9957 1004
9958 1006
9959 1004
9960 1005
9961 1006
9962 1005
9963 1004
9964 1006
9965 1005
9966 1003
9967 1007
9968 896
9969 1013
9970 1005
9971 1008
9972 1004
9973 1005
9974 1005
9975 1005
9976 1003
9977 1005
9978 1004
9979 1004
9980 1004
9981 1006
9982 1004
9983 1004
9984 1003
9985 1005
9986 1005
9987 1003
9988 895
9989 1014
9990 1004
9991 1007
9992 1005
9993 1005
9994 1005
9995 1005
9996 1006
9997 1005
9998 1006
