00010 0
 00030 0
 00050 0
 00070 0
 00090 0
 00110 0
 00130 0
 00150 0
 00170 0
 00190 0
 00210 0
 00230 0
 00250 0
 00270 0
 00290 0
 00310 0
 00330 0
 00350 0
 00370 0
 00390 0
 00410 0
 00430 0
 00450 0
 00470 0
 00490 0
 00510 1
 00530 0
 00550 0
 00570 0
 00590 0
 00610 0
 00630 0
 00650 0
 00670 0
 00690 0
 00710 0
 00730 0
 00750 0
 00770 0
 00790 1
 00810 0
 00830 1
 00850 0
 00870 0
 00890 361
 00910 214
 00930 13
 00950 7
 00970 12
 00990 17
 01010 9250
 01030 79
 01050 1
 01070 5
 01090 0
 01110 34
 01130 2
 01150 1
 01170 0
 01190 0
 01210 0
 01230 0
 01250 0
 01270 0
 01290 0
 01310 0
 01330 0
 01350 0
 01370 0
 01390 0
 01410 0
 01430 0
 01450 0
 01470 0
 01490 0
 01510 0
 01530 0
 01550 0
 01570 0
 01590 0
 01610 0
 01630 0
 01650 0
 01670 0
 01690 0
 01710 0
 01730 0
 01750 0
 01770 0
 01790 0
 01810 0
 01830 0
 01850 0
 01870 0
 01890 0
 01910 0
 01930 0
 01950 0
 01970 0
 01990 0
 02010 0
 02030 0
 02050 0
 02070 0
 02090 0
 02110 0
 02130 0
 02150 0
 02170 0
 02190 0
 02210 0
 02230 0
 02250 0
 02270 0
 02290 0
 02310 0
 02330 0
 02350 0
 02370 0
 02390 0
 02410 0
 02430 0
 02450 0
 02470 0
 02490 0
 02510 0
 02530 0
 02550 0
 02570 0
 02590 0
 02610 0
 02630 0
 02650 0
 02670 0
 02690 0
 02710 0
 02730 0
 02750 0
 02770 0
 02790 0
 02810 0
 02830 0
 02850 0
 02870 0
 02890 0
 02910 0
 02930 0
 02950 0
 02970 0
 02990 0
 03010 0
 03030 0
 03050 0
 03070 0
 03090 0
 03110 0
 03130 0
 03150 0
 03170 0
 03190 0
 03210 0
 03230 0
 03250 0
 03270 0
 03290 0
 03310 0
 03330 0
 03350 0
 03370 0
 03390 0
 03410 0
 03430 0
 03450 0
 03470 0
 03490 0
 03510 0
 03530 0
 03550 0
 03570 0
 03590 0
 03610 0
 03630 0
 03650 0
 03670 0
 03690 0
 03710 0
 03730 0
 03750 0
 03770 0
 03790 0
 03810 0
 03830 0
 03850 0
 03870 0
 03890 0
 03910 0
 03930 0
 03950 0
 03970 0
 03990 0
 