00080 0
 00240 0
 00400 1
 00560 3
 00720 0
 00880 1
 01040 0
 01200 2
 01360 1
 01520 3
 01680 0
 01840 2
 02000 4972
 02160 3
 02320 1
 02480 2
 02640 1
 02800 1
 02960 1
 03120 0
 03280 0
 03440 1
 03600 1
 03760 0
 03920 1
 04080 0
 04240 0
 04400 0
 04560 0
 04720 0
 04880 0
 05040 0
 05200 0
 05360 1
 05520 0
 05680 0
 05840 0
 06000 0
 06160 0
 06320 0
 06480 0
 06640 0
 06800 0
 06960 0
 07120 0
 07280 0
 07440 0
 07600 0
 07760 0
 07920 0
 08080 0
 08240 0
 08400 0
 08560 0
 08720 0
 08880 0
 09040 0
 09200 0
 09360 0
 09520 0
 09680 0
 09840 0
 10000 0
 10160 0
 10320 0
 10480 0
 10640 0
 10800 0
 10960 0
 11120 0
 11280 0
 11440 0
 11600 0
 11760 0
 11920 0
 12080 0
 12240 0
 12400 0
 12560 0
 12720 0
 12880 0
 13040 0
 13200 0
 13360 0
 13520 0
 13680 0
 13840 0
 14000 0
 14160 0
 14320 0
 14480 1
 14640 0
 14800 0
 14960 0
 15120 0
 15280 0
 15440 0
 15600 0
 15760 0
 15920 0
 