0 140
1 1043
2 1005
3 906
4 1004
5 993
6 1002
7 999
8 996
9 1006
10 995
11 999
12 999
13 999
14 1006
15 992
16 1005
17 996
18 1005
19 994
20 1000
21 1004
22 994
23 1001
24 999
25 999
26 1000
27 997
28 1003
29 997
30 1001
31 999
32 1002
33 997
34 1005
35 992
36 1007
37 993
38 1008
39 990
40 1002
41 1005
42 989
43 1004
44 998
45 1001
46 997
47 1006
48 994
49 1003
50 997
51 998
52 1005
53 994
54 1002
55 997
56 1002
57 998
58 1003
59 995
60 1004
61 995
62 1008
63 988
64 1003
65 1000
66 1005
67 992
68 1006
69 994
70 1001
71 998
72 999
73 1000
74 1005
75 994
76 1008
77 990
78 1004
79 996
80 1000
81 1000
82 1000
83 998
84 1000
85 997
86 1006
87 995
88 1009
89 990
90 999
91 999
92 1003
93 996
94 1005
95 995
96 999
97 1000
98 999
99 1002
100 998
101 1007
102 991
103 1000
104 1002
105 998
106 1001
107 995
108 1004
109 995
110 1010
111 995
112 999
113 1001
114 1002
115 996
116 1006
117 993
118 998
119 1002
120 1000
121 1007
122 990
123 1001
124 998
125 1003
126 996
127 997
128 1002
129 999
130 1005
131 994
132 1000
133 998
134 1004
135 997
136 1004
137 995
138 1002
139 996
140 1009
141 991
142 1004
143 994
144 1007
145 993
146 1004
147 995
148 1007
149 989
150 1002
151 1002
152 996
153 1007
154 992
155 1000
156 999
157 1000
158 999
159 1003
160 998
161 1006
162 991
163 1000
164 999
165 1000
166 999
167 999
168 1002
169 999
170 1003
171 993
172 1002
173 999
174 1001
175 997
176 1000
177 999
178 1000
179 999
180 1001
181 998
182 999
183 1002
184 998
185 1004
186 994
187 1003
188 997
189 1003
190 999
191 991
192 998
193 1006
194 996
195 1008
196 990
197 1000
198 1003
199 996
200 1009
201 997
202 995
203 1000
204 1003
205 998
206 1004
207 993
208 999
209 1003
210 999
211 1005
212 993
213 997
214 1006
215 995
216 1007
217 992
218 999
219 1003
220 997
221 1006
222 991
223 1003
224 997
225 1007
226 992
227 1001
228 998
229 1004
230 997
231 998
232 1004
233 998
234 1002
235 991
236 1004
237 997
238 1004
239 995
240 1005
241 994
242 1009
243 990
244 1003
245 996
246 1006
247 994
248 999
249 1002
250 1008
251 998
252 989
253 1003
254 997
255 1006
256 990
257 1007
258 995
259 1007
260 992
261 998
262 1003
263 996
264 1007
265 993
266 999
267 999
268 1000
269 999
270 1000
271 999
272 999
273 1002
274 997
275 1006
276 995
277 996
278 1002
279 998
280 1001
281 1000
282 999
283 999
284 1003
285 996
286 1006
287 993
288 1002
289 997
290 1003
291 997
292 998
293 1000
294 999
295 999
296 1000
297 1004
298 993
299 1007
300 994
301 1000
302 999
303 1003
304 996
305 999
306 1002
307 997
308 1004
309 996
310 1000
311 998
312 1000
313 1000
314 999
315 1002
316 996
317 1005
318 995
319 1003
320 995
321 1008
322 991
323 1001
324 998
325 1005
326 995
327 1002
328 997
329 1003
330 996
331 999
332 1002
333 997
334 1005
335 994
336 1001
337 998
338 1002
339 998
340 1001
341 995
342 1009
343 992
344 1007
345 992
346 999
347 999
348 1005
349 993
350 1006
351 990
352 999
353 1002
354 997
355 1005
356 994
357 999
358 999
359 1001
360 1001
361 1002
362 993
363 1008
364 993
365 1001
366 997
367 1004
368 995
369 1004
370 997
371 1006
372 993
373 998
374 1002
375 997
376 1004
377 995
378 1002
379 997
380 1007
381 994
382 999
383 1002
384 993
385 1011
386 991
387 1002
388 996
389 1006
390 997
391 1006
392 994
393 1008
394 991
395 999
396 1003
397 997
398 1007
399 994
400 999
401 994
402 999
403 999
404 1001
405 996
406 1002
407 999
408 1005
409 994
410 1003
411 1001
412 999
413 999
414 1000
415 998
416 1000
417 1000
418 999
419 1003
420 998
421 1005
422 993
423 1003
424 995
425 1007
426 990
427 1001
428 999
429 1005
430 996
431 999
432 999
433 1000
434 1003
435 995
436 1007
437 993
438 1000
439 1002
440 999
441 1005
442 990
443 1002
444 997
445 1004
446 997
447 997
448 1000
449 1003
450 1001
451 996
452 1000
453 1001
454 997
455 1002
456 996
457 1000
458 1000
459 999
460 1001
461 999
462 1002
463 996
464 1008
465 992
466 998
467 1003
468 996
469 1003
470 998
471 999
472 1002
473 999
474 1004
475 992
476 998
477 1000
478 1000
479 1003
480 1006
481 991
482 1001
483 997
484 1002
485 997
486 1006
487 995
488 1001
489 997
490 1011
491 985
492 1002
493 999
494 1005
495 993
496 1003
497 997
498 1004
499 995
500 1000
501 998
502 1002
503 997
504 1005
505 995
506 998
507 1003
508 996
509 1005
510 996
511 998
512 997
513 1006
514 996
515 1008
516 991
517 998
518 1000
519 1000
520 1001
521 999
522 1003
523 995
524 1002
525 997
526 1004
527 994
528 1001
529 999
530 1000
531 999
532 1003
533 994
534 1006
535 996
536 998
537 1000
538 999
539 1000
540 999
541 1000
542 999
543 1003
544 995
545 1007
546 993
547 999
548 1001
549 998
550 1007
551 992
552 1002
553 998
554 1005
555 990
556 1007
557 995
558 1008
559 991
560 1000
561 1000
562 1002
563 996
564 1005
565 994
566 1003
567 996
568 1006
569 993
570 1001
571 998
572 999
573 999
574 1003
575 998
576 1002
577 995
578 1004
579 996
580 1007
581 991
582 1000
583 1003
584 995
585 1008
586 992
587 999
588 1002
589 997
590 1008
591 991
592 1000
593 1000
594 999
595 1002
596 997
597 997
598 1003
599 998
600 1006
601 993
602 1000
603 998
604 1001
605 999
606 1000
607 1001
608 997
609 1003
610 999
611 993
612 1002
613 997
614 1004
615 995
616 1000
617 1000
618 1005
619 991
620 1005
621 1002
622 997
623 1005
624 995
625 999
626 1002
627 997
628 1004
629 995
630 1002
631 997
632 1000
633 1003
634 996
635 1006
636 992
637 1003
638 997
639 1005
640 993
641 1005
642 994
643 1002
644 996
645 1004
646 995
647 1005
648 994
649 1005
650 996
651 999
652 1002
653 995
654 1000
655 1000
656 1002
657 998
658 1002
659 996
660 1004
661 993
662 1008
663 993
664 1001
665 999
666 1003
667 994
668 1000
669 1001
670 1007
671 990
672 1000
673 1000
674 999
675 999
676 1003
677 997
678 1004
679 996
680 1008
681 994
682 1004
683 988
684 1003
685 999
686 1005
687 993
688 999
689 1004
690 1006
691 990
692 1000
693 1001
694 997
695 1005
696 993
697 1003
698 997
699 1006
700 994
701 999
702 1000
703 1001
704 994
705 1005
706 996
707 1002
708 998
709 1005
710 995
711 1000
712 999
713 1001
714 999
715 997
716 1002
717 997
718 1004
719 995
720 1001
721 999
722 1000
723 1002
724 996
725 1006
726 992
727 1007
728 994
729 1009
730 990
731 997
732 1000
733 1002
734 996
735 1006
736 994
737 1004
738 995
739 1006
740 995
741 998
742 1001
743 998
744 1002
745 997
746 1002
747 994
748 1008
749 994
750 1001
751 998
752 1005
753 994
754 1002
755 996
756 1007
757 991
758 1000
759 1002
760 999
761 1007
762 990
763 1006
764 993
765 1007
766 996
767 997
768 1001
769 999
770 1001
771 995
772 1008
773 992
774 998
775 1003
776 997
777 1004
778 995
779 999
780 1004
781 996
782 1003
783 995
784 1000
785 999
786 1000
787 1000
788 1002
789 998
790 1001
791 996
792 1000
793 1000
794 1003
795 994
796 1001
797 999
798 1003
799 996
800 1005
801 995
802 1002
803 996
804 1004
805 995
806 1002
807 997
808 1005
809 995
810 1001
811 995
812 1007
813 994
814 1008
815 990
816 1000
817 1000
818 1000
819 999
820 999
821 996
822 999
823 999
824 1002
825 998
826 1004
827 994
828 1002
829 997
830 1009
831 996
832 995
833 1004
834 998
835 1005
836 994
837 999
838 1000
839 999
840 1000
841 1000
842 999
843 999
844 1003
845 996
846 1004
847 995
848 999
849 1003
850 999
851 1005
852 993
853 998
854 997
855 1007
856 994
857 1009
858 990
859 1000
860 999
861 1003
862 997
863 1002
864 996
865 1003
866 996
867 1003
868 996
869 1000
870 1001
871 997
872 1000
873 1001
874 999
875 999
876 999
877 1001
878 998
879 999
880 1000
881 1000
882 1000
883 1002
884 996
885 1007
886 992
887 1001
888 998
889 1005
890 996
891 1000
892 997
893 1005
894 994
895 1005
896 991
897 1010
898 992
899 1002
900 1005
901 991
902 1000
903 1002
904 997
905 1000
906 998
907 1000
908 999
909 1000
910 1000
911 1001
912 997
913 1003
914 996
915 1005
916 994
917 1002
918 996
919 1008
920 994
921 1004
922 992
923 1008
924 993
925 1001
926 995
927 1006
928 994
929 1004
930 997
931 999
932 999
933 1000
934 998
935 1003
936 997
937 1004
938 996
939 997
940 1001
941 1001
942 998
943 1003
944 995
945 1001
946 999
947 1001
948 997
949 1007
950 994
951 1000
952 1001
953 998
954 1007
955 990
956 1002
957 997
958 1002
959 998
960 997
961 1005
962 997
963 1004
964 993
965 1000
966 1003
967 997
968 1004
969 994
970 1001
971 998
972 998
973 1003
974 996
975 1007
976 993
977 1004
978 995
979 1005
980 997
981 996
982 998
983 1006
984 995
985 1008
986 991
987 1002
988 997
989 1005
990 994
991 998
992 1000
993 1005
994 995
995 1008
996 990
997 1000
998 1000
999 1002
1000 998
1001 1003
1002 995
1003 997
1004 1003
1005 998
1006 1005
1007 994
1008 1002
1009 997
1010 1003
1011 996
1012 999
1013 999
1014 1000
1015 1003
1016 996
1017 1005
1018 994
1019 1003
1020 998
1021 1005
1022 993
1023 1001
1024 995
1025 1008
1026 993
1027 1003
1028 996
1029 1005
1030 995
1031 994
1032 1001
1033 998
1034 1004
1035 995
1036 999
1037 1000
1038 999
1039 1000
1040 1005
1041 999
1042 998
1043 1008
1044 993
1045 1007
1046 989
1047 1007
1048 993
1049 1009
1050 992
1051 998
1052 1000
1053 1002
1054 996
1055 1004
1056 995
1057 1004
1058 995
1059 1006
1060 994
1061 1002
1062 996
1063 1002
1064 997
1065 1003
1066 997
1067 999
1068 998
1069 1007
1070 994
1071 999
1072 999
1073 1000
1074 999
1075 1002
1076 997
1077 1002
1078 997
1079 999
1080 1001
1081 999
1082 999
1083 999
1084 1002
1085 998
1086 1002
1087 997
1088 1003
1089 994
1090 1011
1091 989
1092 1003
1093 996
1094 1005
1095 995
1096 998
1097 1004
1098 996
1099 1007
1100 992
1101 999
1102 1002
1103 997
1104 1005
1105 994
1106 999
1107 1000
1108 1001
1109 998
1110 1007
1111 990
1112 1007
1113 994
1114 1007
1115 992
1116 1000
1117 999
1118 1001
1119 997
1120 1008
1121 991
1122 1002
1123 997
1124 1007
1125 992
1126 1003
1127 997
1128 1004
1129 995
1130 1001
1131 995
1132 1002
1133 999
1134 1005
1135 994
1136 1000
1137 1000
1138 998
1139 1000
1140 1000
1141 1004
1142 994
1143 1008
1144 992
1145 1004
1146 994
1147 1008
1148 991
1149 1005
1150 1006
1151 989
1152 998
1153 998
1154 1001
1155 1002
1156 997
1157 1004
1158 996
1159 1000
1160 1002
1161 998
1162 1005
1163 990
1164 1004
1165 996
1166 1006
1167 992
1168 1003
1169 998
1170 1001
1171 997
1172 1001
1173 999
1174 999
1175 999
1176 1003
1177 997
1178 999
1179 999
1180 1000
1181 999
1182 1003
1183 996
1184 1009
1185 991
1186 998
1187 1003
1188 997
1189 1005
1190 996
1191 998
1192 1001
1193 1002
1194 994
1195 1004
1196 994
1197 1007
1198 996
1199 1005
1200 992
1201 1000
1202 999
1203 999
1204 999
1205 1000
1206 1002
1207 998
1208 1006
1209 992
1210 1003
1211 998
1212 1005
1213 992
1214 1000
1215 1002
1216 996
1217 1005
1218 994
1219 1002
1220 998
1221 1004
1222 994
1223 998
1224 1000
1225 1003
1226 996
1227 1007
1228 992
1229 1001
1230 1000
1231 1004
1232 993
1233 1001
1234 998
1235 1000
1236 1002
1237 998
1238 1000
1239 996
1240 1003
1241 994
1242 999
1243 1000
1244 999
1245 1003
1246 995
1247 1006
1248 994
1249 1004
1250 999
1251 1008
1252 992
1253 999
1254 999
1255 1001
1256 998
1257 1002
1258 998
1259 997
1260 1000
1261 1003
1262 997
1263 1005
1264 994
1265 1003
1266 996
1267 1005
1268 993
1269 1002
1270 998
1271 1005
1272 994
1273 1002
1274 997
1275 1005
1276 993
1277 1000
1278 1003
1279 997
1280 1007
1281 989
1282 1003
1283 998
1284 1007
1285 993
1286 999
1287 999
1288 1002
1289 998
1290 1004
1291 994
1292 999
1293 999
1294 1000
1295 1001
1296 999
1297 1003
1298 995
1299 1000
1300 1000
1301 1000
1302 996
1303 1002
1304 999
1305 1004
1306 995
1307 999
1308 1000
1309 1000
1310 1003
1311 996
1312 1006
1313 993
1314 999
1315 999
1316 999
1317 1000
1318 1000
1319 1002
1320 1006
1321 999
1322 991
1323 1000
1324 996
1325 1008
1326 993
1327 1000
1328 1000
1329 999
1330 1000
1331 999
1332 999
1333 1002
1334 998
1335 1003
1336 995
1337 1004
1338 995
1339 1008
1340 992
1341 999
1342 999
1343 1002
1344 997
1345 1004
1346 995
1347 1003
1348 996
1349 1006
1350 994
1351 999
1352 1002
1353 997
1354 1004
1355 994
1356 999
1357 1002
1358 998
1359 1003
1360 997
1361 999
1362 999
1363 999
1364 1002
1365 998
1366 1002
1367 995
1368 1007
1369 994
1370 1000
1371 999
1372 998
1373 1001
1374 998
1375 1007
1376 991
1377 1008
1378 993
1379 1007
1380 992
1381 999
1382 1003
1383 996
1384 1004
1385 996
1386 1003
1387 995
1388 1003
1389 995
1390 1003
1391 996
1392 1008
1393 992
1394 1001
1395 997
1396 1005
1397 995
1398 1004
1399 996
1400 1005
1401 995
1402 996
1403 999
1404 1003
1405 998
1406 1003
1407 995
1408 1003
1409 995
1410 1005
1411 995
1412 1003
1413 996
1414 1006
1415 993
1416 1000
1417 1002
1418 997
1419 1004
1420 995
1421 999
1422 1002
1423 1008
1424 998
1425 991
1426 999
1427 999
1428 1003
1429 997
1430 1001
1431 997
1432 1003
1433 998
1434 1005
1435 992
1436 999
1437 999
1438 1003
1439 997
1440 1007
1441 992
1442 1004
1443 994
1444 1008
1445 991
1446 1004
1447 997
1448 1004
1449 995
1450 1002
1451 994
1452 995
1453 1006
1454 994
1455 1008
1456 992
1457 999
1458 1000
1459 999
1460 1003
1461 1000
1462 1003
1463 996
1464 1005
1465 995
1466 1002
1467 996
1468 1004
1469 995
1470 1000
1471 1001
1472 998
1473 1001
1474 997
1475 1001
1476 999
1477 1003
1478 996
1479 998
1480 1001
1481 1002
1482 996
1483 1008
1484 991
1485 1003
1486 996
1487 1006
1488 993
1489 1000
1490 1000
1491 998
1492 1003
1493 997
1494 1001
1495 996
1496 1001
1497 1000
1498 1003
1499 996
1500 1000
1501 998
1502 1000
1503 1004
1504 995
1505 1009
1506 990
1507 999
1508 1002
1509 997
1510 1005
1511 994
1512 1003
1513 996
1514 1008
1515 991
1516 998
1517 1008
1518 993
1519 1007
1520 992
1521 1000
1522 999
1523 999
1524 999
1525 1000
1526 1001
1527 998
1528 1006
1529 993
1530 1007
1531 994
1532 1006
1533 991
1534 998
1535 1008
1536 993
1537 1006
1538 990
1539 1006
1540 1005
1541 998
1542 991
1543 1000
1544 998
1545 1004
1546 996
1547 1008
1548 991
1549 1002
1550 1007
1551 990
1552 999
1553 1003
1554 996
1555 1005
1556 995
1557 999
1558 996
1559 1003
1560 1009
1561 990
1562 998
1563 1000
1564 999
1565 1000
1566 1000
1567 999
1568 1002
1569 998
1570 1010
1571 989
1572 999
1573 998
1574 1000
1575 1001
1576 997
1577 1002
1578 1001
1579 996
1580 1000
1581 1000
1582 1001
1583 997
1584 1000
1585 1000
1586 999
1587 1006
1588 993
1589 1008
1590 993
1591 997
1592 1003
1593 998
1594 1004
1595 993
1596 1002
1597 997
1598 1005
1599 995
1600 1004
1601 994
1602 1006
1603 995
1604 1001
1605 996
1606 1006
1607 993
1608 1003
1609 996
1610 1008
1611 991
1612 1003
1613 995
1614 1007
1615 992
1616 1003
1617 999
1618 1004
1619 993
1620 1003
1621 996
1622 1005
1623 991
1624 1007
1625 994
1626 1008
1627 992
1628 999
1629 999
1630 1006
1631 994
1632 1008
1633 994
1634 996
1635 1002
1636 997
1637 1007
1638 992
1639 1007
1640 995
1641 1004
1642 991
1643 1007
1644 991
1645 1010
1646 989
1647 1002
1648 998
1649 1012
1650 991
1651 997
1652 1000
1653 998
1654 1007
1655 994
1656 998
1657 1009
1658 993
1659 1004
1660 996
1661 991
1662 999
1663 1002
1664 998
1665 1008
1666 989
1667 1007
1668 993
1669 1007
1670 1024
1671 974
1672 1002
1673 1010
1674 992
1675 1000
1676 991
1677 1002
1678 997
1679 1005
1680 1007
1681 999
1682 989
1683 998
1684 1000
1685 1000
1686 998
1687 998
1688 1007
1689 994
1690 1019
1691 980
1692 999
1693 1000
1694 1002
1695 996
1696 1005
1697 995
1698 999
1699 999
1700 1023
1701 976
1702 999
1703 1002
1704 998
1705 1002
1706 997
1707 999
1708 1000
1709 999
1710 1035
1711 965
1712 999
1713 1000
1714 1001
1715 997
1716 1006
1717 993
1718 1003
1719 996
1720 1030
1721 970
1722 999
1723 1002
1724 996
1725 1009
1726 990
1727 1006
1728 994
1729 1005
1730 1021
1731 972
1732 1002
1733 996
1734 1005
1735 994
1736 1002
1737 999
1738 1002
1739 996
1740 1030
1741 969
1742 998
1743 1003
1744 997
1745 1005
1746 994
1747 999
1748 1002
1749 997
1750 1034
1751 964
1752 1005
1753 996
1754 1007
1755 991
1756 1000
1757 1003
1758 995
1759 1006
1760 994
1761 1001
1762 999
1763 999
1764 999
1765 999
1766 999
1767 1001
1768 998
1769 1002
1770 1000
1771 999
1772 996
1773 1001
1774 999
1775 999
1776 1002
1777 998
1778 1004
1779 994
1780 1002
1781 999
1782 999
1783 999
1784 1000
1785 999
1786 1003
1787 996
1788 1006
1789 991
1790 1004
1791 998
1792 1008
1793 988
1794 999
1795 1007
1796 994
1797 1007
1798 992
1799 999
1800 1000
1801 1006
1802 993
1803 1007
1804 992
1805 1003
1806 996
1807 1004
1808 996
1809 998
1810 1006
1811 995
1812 998
1813 1000
1814 999
1815 1001
1816 997
1817 1001
1818 999
1819 1003
1820 995
1821 1001
1822 998
1823 1002
1824 998
1825 1005
1826 994
1827 999
1828 999
1829 1003
1830 996
1831 1008
1832 991
1833 1002
1834 997
1835 1007
1836 990
1837 1002
1838 999
1839 1005
1840 993
1841 1004
1842 996
1843 1005
1844 994
1845 999
1846 1002
1847 998
1848 1003
1849 995
1850 1000
1851 1004
1852 995
1853 1008
1854 990
1855 1002
1856 998
1857 1001
1858 996
1859 1006
1860 995
1861 1009
1862 989
1863 999
1864 1001
1865 1003
1866 996
1867 1005
1868 993
1869 1003
1870 996
1871 1005
1872 991
1873 1002
1874 997
1875 1005
1876 993
1877 1007
1878 992
1879 1007
1880 994
1881 1007
1882 994
1883 1007
1884 992
1885 1000
1886 997
1887 1001
1888 999
1889 1010
1890 990
1891 1001
1892 1004
1893 993
1894 1008
1895 991
1896 1004
1897 1005
1898 998
1899 992
1900 1003
1901 995
1902 1008
1903 992
1904 999
1905 1010
1906 992
1907 1004
1908 991
1909 1005
1910 996
1911 1009
1912 989
1913 1012
1914 989
1915 1004
1916 992
1917 1003
1918 996
1919 1005
1920 995
1921 1011
1922 990
1923 1005
1924 991
1925 1000
1926 999
1927 1003
1928 996
1929 1012
1930 988
1931 1007
1932 991
1933 999
1934 1001
1935 1011
1936 995
1937 991
1938 1001
1939 998
1940 1003
1941 998
1942 998
1943 998
1944 1006
1945 994
1946 1009
1947 990
1948 1000
1949 999
1950 1001
1951 1008
1952 999
1953 990
1954 1000
1955 1001
1956 997
1957 1009
1958 990
1959 1000
1960 1001
1961 1008
1962 985
1963 1001
1964 996
1965 1006
1966 994
1967 1008
1968 992
1969 999
1970 1000
1971 1008
1972 996
1973 1006
1974 992
1975 999
1976 1000
1977 1001
1978 998
1979 1006
1980 992
1981 1003
1982 997
1983 1002
1984 997
1985 1003
1986 994
1987 1008
1988 992
1989 1000
1990 999
1991 1001
1992 999
1993 1001
1994 999
1995 1004
1996 993
1997 1000
1998 1002
1999 997
2000 1005
2001 995
2002 1001
2003 998
2004 1002
2005 996
2006 1003
2007 994
2008 1008
2009 993
2010 1002
2011 999
2012 1006
2013 991
2014 999
2015 1002
2016 997
2017 1006
2018 994
2019 999
2020 999
2021 1003
2022 996
2023 1006
2024 992
2025 1000
2026 1003
2027 997
2028 1000
2029 996
2030 1008
2031 995
2032 1007
2033 990
2034 1001
2035 1002
2036 996
2037 1007
2038 991
2039 1000
2040 1003
2041 997
2042 1005
2043 993
2044 999
2045 1002
2046 997
2047 1003
2048 997
2049 1002
2050 995
2051 1006
2052 995
2053 1002
2054 997
2055 1004
2056 994
2057 1002
2058 997
2059 1006
2060 993
2061 1005
2062 995
2063 1007
2064 991
2065 1002
2066 998
2067 1002
2068 995
2069 1003
2070 997
2071 1002
2072 995
2073 1003
2074 998
2075 1004
2076 994
2077 1000
2078 1000
2079 999
2080 1003
2081 997
2082 1004
2083 990
2084 999
2085 1003
2086 996
2087 1004
2088 995
2089 1000
2090 1003
2091 1003
2092 1001
2093 994
2094 1006
2095 993
2096 1009
2097 990
2098 1003
2099 997
2100 1004
2101 995
2102 1002
2103 996
2104 1003
2105 997
2106 1000
2107 999
2108 998
2109 1003
2110 997
2111 1004
2112 996
2113 1002
2114 995
2115 1006
2116 994
2117 1004
2118 996
2119 1006
2120 994
2121 1001
2122 995
2123 1000
2124 1001
2125 998
2126 1005
2127 993
2128 1003
2129 996
2130 1006
2131 996
2132 998
2133 1003
2134 996
2135 1003
2136 994
2137 1002
2138 1000
2139 1004
2140 993
2141 1002
2142 1000
2143 997
2144 1006
2145 996
2146 997
2147 1004
2148 994
2149 1004
2150 996
2151 1010
2152 991
2153 1003
2154 996
2155 1006
2156 988
2157 1002
2158 999
2159 1004
2160 995
2161 1000
2162 1005
2163 995
2164 1007
2165 991
2166 1003
2167 997
2168 1004
2169 994
2170 1001
2171 998
2172 998
2173 1003
2174 997
2175 1003
2176 997
2177 998
2178 999
2179 1006
2180 994
2181 1008
2182 992
2183 998
2184 1003
2185 996
2186 1007
2187 992
2188 1002
2189 997
2190 1006
2191 994
2192 999
2193 1002
2194 996
2195 1009
2196 990
2197 1001
2198 999
2199 1001
2200 996
2201 1004
2202 996
2203 1005
2204 994
2205 1000
2206 999
2207 1001
2208 997
2209 1004
2210 997
2211 1000
2212 998
2213 1000
2214 1002
2215 997
2216 1004
2217 995
2218 1001
2219 998
2220 1004
2221 994
2222 1003
2223 997
2224 1005
2225 993
2226 1004
2227 995
2228 1009
2229 990
2230 1002
2231 999
2232 1004
2233 992
2234 1003
2235 997
2236 1006
2237 993
2238 1001
2239 998
2240 1005
2241 996
2242 997
2243 1000
2244 999
2245 1004
2246 995
2247 1000
2248 999
2249 1001
2250 999
2251 1005
2252 992
2253 1001
2254 1002
2255 996
2256 1006
2257 994
2258 999
2259 1002
2260 997
2261 1003
2262 997
2263 997
2264 999
2265 1006
2266 995
2267 1007
2268 991
2269 1001
2270 999
2271 1004
2272 995
2273 1008
2274 991
2275 1001
2276 997
2277 1005
2278 994
2279 1000
2280 1002
2281 998
2282 1002
2283 997
2284 999
2285 997
2286 1006
2287 994
2288 1009
2289 990
2290 1004
2291 997
2292 1002
2293 992
2294 999
2295 1001
2296 997
2297 1005
2298 996
2299 999
2300 999
2301 1005
2302 998
2303 999
2304 1003
2305 997
2306 1000
2307 1001
2308 997
2309 1006
2310 993
2311 999
2312 1000
2313 999
2314 1002
2315 999
2316 1004
2317 993
2318 1003
2319 997
2320 1004
2321 995
2322 999
2323 1002
2324 996
2325 1003
2326 998
2327 996
2328 1002
2329 999
2330 1003
2331 997
2332 999
2333 999
2334 1000
2335 999
2336 999
2337 1002
2338 998
2339 1004
2340 994
2341 1001
2342 998
2343 1000
2344 999
2345 999
2346 1002
2347 999
2348 1004
2349 992
2350 1005
2351 996
2352 1007
2353 992
2354 1000
2355 999
2356 1003
2357 996
2358 1005
2359 995
2360 1001
2361 1000
2362 995
2363 1001
2364 999
2365 1003
2366 994
2367 1008
2368 993
2369 1010
2370 988
2371 1002
2372 998
2373 1006
2374 993
2375 999
2376 1002
2377 997
2378 1004
2379 995
2380 1001
2381 1008
2382 998
2383 992
2384 1001
2385 997
2386 1003
2387 996
2388 999
2389 1002
2390 999
2391 1011
2392 986
2393 1004
2394 998
2395 1003
2396 994
2397 999
2398 999
2399 1004
2400 995
2401 1005
2402 996
2403 1006
2404 992
2405 998
2406 1002
2407 998
2408 1004
2409 995
2410 1002
2411 1007
2412 990
2413 997
2414 1001
2415 1001
2416 998
2417 1005
2418 995
2419 999
2420 999
2421 1000
2422 999
2423 1001
2424 998
2425 1004
2426 994
2427 1003
2428 997
2429 1005
2430 994
2431 1000
2432 1000
2433 1002
2434 994
2435 1004
2436 996
2437 1002
2438 997
2439 1005
2440 994
2441 1001
2442 1000
2443 998
2444 1002
2445 997
2446 1004
2447 997
2448 997
2449 1000
2450 999
2451 1000
2452 999
2453 1002
2454 998
2455 1000
2456 996
2457 1003
2458 999
2459 1004
2460 994
2461 999
2462 1000
2463 1001
2464 998
2465 1004
2466 995
2467 1000
2468 1001
2469 999
2470 1004
2471 994
2472 998
2473 1002
2474 997
2475 1005
2476 995
2477 1000
2478 999
2479 1002
2480 996
2481 1001
2482 1003
2483 995
2484 1006
2485 993
2486 1000
2487 999
2488 999
2489 1003
2490 998
2491 1006
2492 991
2493 1003
2494 996
2495 1001
2496 1001
2497 997
2498 1001
2499 996
2500 1004
2501 997
2502 1004
2503 990
2504 1000
2505 998
2506 1001
2507 999
2508 1003
2509 997
2510 1006
2511 997
2512 1003
2513 995
2514 1006
2515 994
2516 999
2517 1004
2518 995
2519 1006
2520 991
2521 1004
2522 1003
2523 994
2524 1007
2525 991
2526 1006
2527 994
2528 1007
2529 991
2530 1003
2531 1020
2532 985
2533 991
2534 1002
2535 996
2536 999
2537 1000
2538 1003
2539 997
2540 1004
2541 994
2542 1001
2543 998
2544 1001
2545 997
2546 1001
2547 999
2548 1002
2549 997
2550 1003
2551 997
2552 998
2553 1001
2554 998
2555 1002
2556 997
2557 1003
2558 996
2559 1002
2560 997
2561 1003
2562 994
2563 1003
2564 998
2565 1005
2566 994
2567 999
2568 999
2569 1003
2570 998
2571 1005
2572 993
2573 999
2574 1002
2575 997
2576 1003
2577 996
2578 1000
2579 1001
2580 997
2581 1006
2582 994
2583 999
2584 998
2585 1002
2586 1000
2587 1004
2588 993
2589 1000
2590 999
2591 1000
2592 1000
2593 999
2594 999
2595 1003
2596 996
2597 1006
2598 994
2599 1002
2600 998
2601 1010
2602 986
2603 1003
2604 997
2605 1003
2606 995
2607 1000
2608 999
2609 1002
2610 998
2611 1002
2612 998
2613 998
2614 1000
2615 1002
2616 996
2617 1009
2618 991
2619 1000
2620 1001
2621 1008
2622 989
2623 999
2624 1000
2625 999
2626 999
2627 998
2628 1006
2629 996
2630 1003
2631 998
2632 999
2633 999
2634 999
2635 998
2636 999
2637 1000
2638 999
2639 1002
2640 997
2641 1001
2642 999
2643 1003
2644 995
2645 1003
2646 997
2647 1004
2648 994
2649 1001
2650 999
2651 1004
2652 994
2653 999
2654 999
2655 1002
2656 998
2657 1005
2658 994
2659 1002
2660 997
2661 1001
2662 998
2663 1004
2664 995
2665 1004
2666 995
2667 1007
2668 992
2669 1004
2670 993
2671 1005
2672 996
2673 1006
2674 994
2675 998
2676 999
2677 1002
2678 998
2679 1005
2680 993
2681 1004
2682 995
2683 1006
2684 994
2685 999
2686 1001
2687 998
2688 1002
2689 998
2690 996
2691 1001
2692 1003
2693 996
2694 1007
2695 993
2696 999
2697 999
2698 1003
2699 996
2700 1006
2701 994
2702 999
2703 999
2704 1002
2705 997
2706 1004
2707 995
2708 1003
2709 996
2710 1005
2711 996
2712 991
2713 1007
2714 995
2715 1007
2716 992
2717 998
2718 1003
2719 997
2720 1004
2721 999
2722 1003
2723 996
2724 1004
2725 995
2726 1002
2727 997
2728 1005
2729 994
2730 1000
2731 1001
2732 999
2733 995
2734 1007
2735 995
2736 1007
2737 992
2738 999
2739 1000
2740 998
2741 1000
2742 1000
2743 1003
2744 996
2745 1006
2746 993
2747 1000
2748 1003
2749 995
2750 1008
2751 992
2752 1002
2753 997
2754 1000
2755 997
2756 1006
2757 995
2758 1007
2759 991
2760 999
2761 1001
2762 1000
2763 998
2764 1000
2765 1002
2766 997
2767 1005
2768 994
2769 999
2770 1000
2771 1000
2772 998
2773 1002
2774 998
2775 1004
2776 992
2777 1008
2778 994
2779 1008
2780 991
2781 999
2782 999
2783 1003
2784 996
2785 1005
2786 995
2787 999
2788 999
2789 1002
2790 997
2791 1010
2792 989
2793 1003
2794 997
2795 1002
2796 997
2797 997
2798 1002
2799 998
2800 1006
2801 994
2802 999
2803 1000
2804 999
2805 999
2806 999
2807 1003
2808 996
2809 1004
2810 996
2811 1001
2812 997
2813 1004
2814 995
2815 1006
2816 994
2817 1003
2818 994
2819 1007
2820 993
2821 1003
2822 996
2823 1005
2824 994
2825 1000
2826 1000
2827 999
2828 1000
2829 1002
2830 995
2831 1010
2832 991
2833 1002
2834 997
2835 1006
2836 991
2837 1005
2838 996
2839 1005
2840 993
2841 1007
2842 994
2843 1005
2844 991
2845 1006
2846 992
2847 1008
2848 993
2849 1005
2850 994
2851 1001
2852 999
2853 998
2854 1000
2855 1002
2856 997
2857 1007
2858 993
2859 1002
2860 996
2861 998
2862 1000
2863 1002
2864 998
2865 1003
2866 996
2867 999
2868 1000
2869 1003
2870 996
2871 1001
2872 1000
2873 999
2874 997
2875 1000
2876 999
2877 1004
2878 995
2879 1005
2880 995
2881 1003
2882 996
2883 1004
2884 995
2885 1000
2886 998
2887 1003
2888 996
2889 999
2890 1004
2891 997
2892 1005
2893 992
2894 1005
2895 995
2896 1007
2897 991
2898 1004
2899 996
2900 1005
2901 994
2902 1002
2903 995
2904 1005
2905 996
2906 1002
2907 996
2908 1004
2909 995
2910 1000
2911 1000
2912 999
2913 999
2914 1002
2915 996
2916 1007
2917 994
2918 998
2919 1002
2920 998
2921 1008
2922 987
2923 1001
2924 997
2925 1002
2926 995
2927 1006
2928 995
2929 1006
2930 994
2931 1001
2932 1001
2933 999
2934 1002
2935 998
2936 1004
2937 995
2938 1000
2939 998
2940 1004
2941 998
2942 997
2943 1000
2944 1002
2945 997
2946 1006
2947 990
2948 1007
2949 994
2950 1008
2951 992
2952 999
2953 999
2954 1004
2955 995
2956 1005
2957 994
2958 999
2959 1002
2960 997
2961 1002
2962 997
2963 1003
2964 996
2965 1005
2966 995
2967 1003
2968 992
2969 1009
2970 994
2971 999
2972 999
2973 1003
2974 997
2975 1002
2976 996
2977 1000
2978 1000
2979 998
2980 1000
2981 1000
2982 1001
2983 997
2984 1000
2985 1002
2986 997
2987 1003
2988 997
2989 996
2990 1002
2991 1000
2992 1002
2993 997
2994 1000
2995 998
2996 1000
2997 1000
2998 998
2999 1001
3000 999
3001 1005
3002 995
3003 998
3004 1003
3005 997
3006 1007
3007 991
3008 1002
3009 997
3010 1006
3011 993
3012 1000
3013 1002
3014 996
3015 1006
3016 993
3017 1000
3018 1003
3019 997
3020 1004
3021 994
3022 999
3023 1001
3024 998
3025 1005
3026 995
3027 1002
3028 996
3029 1006
3030 994
3031 1001
3032 995
3033 1003
3034 998
3035 1003
3036 996
3037 999
3038 999
3039 1000
3040 1000
3041 1000
3042 1002
3043 996
3044 1006
3045 994
3046 998
3047 1004
3048 996
3049 1007
3050 993
3051 1004
3052 994
3053 1006
3054 991
3055 1002
3056 999
3057 1003
3058 996
3059 1000
3060 999
3061 999
3062 999
3063 999
3064 1004
3065 996
3066 1005
3067 994
3068 999
3069 1003
3070 996
3071 1001
3072 998
3073 1000
3074 1000
3075 997
3076 1006
3077 995
3078 1009
3079 991
3080 1000
3081 1001
3082 996
3083 999
3084 1000
3085 1001
3086 996
3087 1007
3088 993
3089 1001
3090 1000
3091 1000
3092 999
3093 1001
3094 997
3095 1007
3096 989
3097 1003
3098 1000
3099 1003
3100 995
3101 1001
3102 998
3103 999
3104 1002
3105 997
3106 1002
3107 997
3108 1002
3109 998
3110 1002
3111 1003
3112 995
3113 1008
3114 991
3115 998
3116 1001
3117 995
3118 1003
3119 998
3120 1002
3121 999
3122 1003
3123 993
3124 1000
3125 1000
3126 1000
3127 1000
3128 1000
3129 998
3130 1002
3131 998
3132 1003
3133 990
3134 1001
3135 998
3136 1001
3137 999
3138 1002
3139 994
3140 1008
3141 997
3142 1004
3143 994
3144 1009
3145 990
3146 1005
3147 995
3148 1005
3149 997
3150 997
3151 1007
3152 991
3153 1002
3154 999
3155 1002
3156 995
3157 1003
3158 996
3159 1008
3160 989
3161 1001
3162 1003
3163 997
3164 1007
3165 991
3166 1001
3167 999
3168 1000
3169 999
3170 999
3171 1001
3172 999
3173 1001
3174 997
3175 1006
3176 992
3177 1002
3178 999
3179 1002
3180 996
3181 1001
3182 996
3183 1008
3184 993
3185 1008
3186 992
3187 998
3188 1003
3189 995
3190 1010
3191 991
3192 998
3193 1000
3194 1000
3195 999
3196 1002
3197 997
3198 1004
3199 995
3200 999
3201 1002
3202 998
3203 996
3204 1003
3205 999
3206 1005
3207 994
3208 999
3209 999
3210 1004
3211 996
3212 1008
3213 991
3214 1002
3215 997
3216 1006
3217 993
3218 1003
3219 996
3220 1008
3221 993
3222 998
3223 1004
3224 992
3225 1009
3226 993
3227 1002
3228 996
3229 1006
3230 994
3231 999
3232 999
3233 999
3234 1003
3235 996
3236 1007
3237 992
3238 999
3239 1002
3240 997
3241 1008
3242 992
3243 1006
3244 994
3245 1008
3246 987
3247 1006
3248 996
3249 1007
3250 992
3251 1000
3252 999
3253 999
3254 1002
3255 997
3256 1006
3257 992
3258 1007
3259 993
3260 1008
3261 992
3262 998
3263 1003
3264 996
3265 1004
3266 997
3267 995
3268 1007
3269 994
3270 1008
3271 992
3272 998
3273 1001
3274 1003
3275 995
3276 1007
3277 993
3278 1002
3279 997
3280 1004
3281 995
3282 1001
3283 998
3284 1005
3285 993
3286 1000
3287 1001
3288 995
3289 1003
3290 1000
3291 999
3292 999
3293 999
3294 1000
3295 999
3296 1003
3297 996
3298 1006
3299 992
3300 1003
3301 998
3302 1007
3303 991
3304 999
3305 1002
3306 998
3307 1003
3308 996
3309 999
3310 997
3311 1008
3312 994
3313 1007
3314 991
3315 1000
3316 999
3317 1000
3318 1003
3319 997
3320 1008
3321 993
3322 995
3323 1005
3324 994
3325 1010
3326 988
3327 1003
3328 997
3329 1003
3330 1002
3331 994
3332 1006
3333 993
3334 1001
3335 999
3336 1003
3337 994
3338 1001
3339 1003
3340 996
3341 1005
3342 989
3343 1002
3344 997
3345 1005
3346 995
3347 999
3348 1002
3349 998
3350 1002
3351 1011
3352 990
3353 1004
3354 997
3355 995
3356 1000
3357 1000
3358 999
3359 1000
3360 999
3361 1001
3362 1002
3363 995
3364 1006
3365 994
3366 1000
3367 1002
3368 998
3369 1004
3370 995
3371 999
3372 998
3373 1003
3374 994
3375 1009
3376 992
3377 1001
3378 998
3379 1004
3380 995
3381 1000
3382 999
3383 999
3384 1003
3385 996
3386 1005
3387 995
3388 999
3389 999
3390 999
3391 1001
3392 1000
3393 998
3394 1006
3395 991
3396 1004
3397 997
3398 1005
3399 993
3400 1004
3401 997
3402 1008
3403 991
3404 998
3405 1002
3406 997
3407 1004
3408 995
3409 1000
3410 1003
3411 997
3412 1007
3413 991
3414 1002
3415 997
3416 1003
3417 994
3418 1007
3419 994
3420 1008
3421 992
3422 997
3423 1004
3424 995
3425 1006
3426 995
3427 1001
3428 997
3429 1008
3430 990
3431 1001
3432 999
3433 1002
3434 997
3435 1002
3436 997
3437 1000
3438 997
3439 1002
3440 999
3441 1005
3442 995
3443 998
3444 999
3445 1002
3446 998
3447 1002
3448 997
3449 999
3450 1003
3451 1002
3452 1002
3453 991
3454 999
3455 1002
3456 998
3457 1002
3458 1001
3459 993
3460 1005
3461 997
3462 997
3463 1000
3464 1000
3465 999
3466 1003
3467 997
3468 1005
3469 993
3470 1000
3471 1002
3472 997
3473 1001
3474 999
3475 1002
3476 996
3477 1001
3478 999
3479 999
3480 999
3481 999
3482 1002
3483 997
3484 1007
3485 992
3486 1000
3487 999
3488 999
3489 1000
3490 1001
3491 999
3492 998
3493 1000
3494 999
3495 1003
3496 997
3497 1005
3498 994
3499 999
3500 1002
3501 999
3502 995
3503 1001
3504 1000
3505 1002
3506 997
3507 1004
3508 995
3509 1003
3510 996
3511 1008
3512 991
3513 1003
3514 997
3515 999
3516 1002
3517 997
3518 1004
3519 994
3520 1003
3521 998
3522 1006
3523 990
3524 1001
3525 999
3526 1005
3527 994
3528 1000
3529 1004
3530 995
3531 1009
3532 990
3533 1002
3534 996
3535 1007
3536 992
3537 999
3538 1008
3539 992
3540 1008
3541 992
3542 999
3543 999
3544 1000
3545 997
3546 1007
3547 994
3548 1007
3549 992
3550 998
3551 1005
3552 992
3553 1007
3554 994
3555 997
3556 999
3557 1007
3558 992
3559 1009
3560 991
3561 1033
3562 978
3563 998
3564 993
3565 1001
3566 993
3567 1007
3568 996
3569 1001
3570 1008
3571 992
3572 998
3573 998
3574 1003
3575 996
3576 1006
3577 993
3578 1013
3579 986
3580 1003
3581 1001
3582 995
3583 998
3584 1004
3585 995
3586 1012
3587 986
3588 1002
3589 999
3590 1004
3591 1003
3592 994
3593 1002
3594 1007
3595 996
3596 990
3597 1002
3598 997
3599 1005
3600 995
3601 1013
3602 999
3603 986
3604 998
3605 1000
3606 1007
3607 995
3608 1009
3609 987
3610 1013
3611 1002
3612 992
3613 992
3614 999
3615 1000
3616 1003
3617 995
3618 1006
3619 993
3620 1000
3621 1023
3622 976
3623 1001
3624 998
3625 1004
3626 995
3627 999
3628 1006
3629 995
3630 1004
3631 1020
3632 973
3633 1001
3634 998
3635 1004
3636 995
3637 999
3638 999
3639 1000
3640 1003
3641 1022
3642 974
3643 999
3644 1004
3645 994
3646 1001
3647 998
3648 1006
3649 993
3650 1004
3651 1027
3652 968
3653 1002
3654 997
3655 999
3656 1000
3657 1003
3658 996
3659 1003
3660 996
3661 1031
3662 969
3663 999
3664 999
3665 999
3666 1003
3667 997
3668 1000
3669 998
3670 1001
3671 998
3672 1001
3673 1002
3674 996
3675 1001
3676 998
3677 1004
3678 994
3679 999
3680 1004
3681 998
3682 999
3683 998
3684 1000
3685 999
3686 1003
3687 996
3688 1004
3689 995
3690 1003
3691 996
3692 1001
3693 999
3694 996
3695 1000
3696 1003
3697 998
3698 1002
3699 997
3700 999
3701 1002
3702 999
3703 998
3704 999
3705 1004
3706 995
3707 1001
3708 998
3709 1006
3710 993
3711 1002
3712 998
3713 1005
3714 994
3715 1000
3716 996
3717 1005
3718 996
3719 1002
3720 997
3721 1004
3722 997
3723 998
3724 999
3725 1000
3726 999
3727 999
3728 999
3729 999
3730 1003
3731 999
3732 1005
3733 992
3734 999
3735 1002
3736 997
3737 1000
3738 1001
3739 998
3740 1006
3741 993
3742 1000
3743 998
3744 1004
3745 996
3746 1005
3747 994
3748 1002
3749 997
3750 1004
3751 995
3752 1000
3753 999
3754 999
3755 1000
3756 1000
3757 1003
3758 992
3759 1008
3760 993
3761 1002
3762 1001
3763 1001
3764 991
3765 1002
3766 996
3767 1007
3768 992
3769 1000
3770 1000
3771 1002
3772 1001
3773 1005
3774 994
3775 1002
3776 996
3777 1004
3778 998
3779 998
3780 996
3781 1004
3782 999
3783 1005
3784 992
3785 1000
3786 999
3787 1002
3788 997
3789 1005
3790 994
3791 1000
3792 1004
3793 995
3794 1008
3795 991
3796 1001
3797 998
3798 1000
3799 1002
3800 998
3801 1001
3802 1007
3803 992
3804 1000
3805 992
3806 997
3807 1003
3808 997
3809 1004
3810 1009
3811 995
3812 1006
3813 999
3814 990
3815 998
3816 1000
3817 999
3818 1010
3819 989
3820 1001
3821 1003
3822 994
3823 1007
3824 993
3825 1001
3826 1008
3827 998
3828 991
3829 1000
3830 1000
3831 998
3832 1006
3833 995
3834 1011
3835 990
3836 1004
3837 991
3838 1002
3839 996
3840 1007
3841 995
3842 1011
3843 986
3844 1000
3845 1000
3846 998
3847 1004
3848 995
3849 1000
3850 1011
3851 993
3852 1006
3853 987
3854 1003
3855 996
3856 1007
3857 992
3858 1003
3859 997
3860 1004
3861 994
3862 1001
3863 1002
3864 996
3865 1001
3866 996
3867 1003
3868 998
3869 1002
3870 997
3871 999
3872 1000
3873 998
3874 1000
3875 1001
3876 998
3877 1002
3878 997
3879 1005
3880 994
3881 1003
3882 1006
3883 988
3884 997
3885 1006
3886 991
3887 1003
3888 997
3889 1004
3890 995
3891 1004
3892 1005
3893 996
3894 1006
3895 992
3896 1005
3897 993
3898 1004
3899 996
3900 1001
3901 998
3902 1000
3903 998
3904 1000
3905 1003
3906 997
3907 1005
3908 990
3909 1007
3910 995
3911 1007
3912 994
3913 998
3914 998
3915 1004
3916 996
3917 1000
3918 999
3919 999
3920 1001
3921 998
3922 1001
3923 999
3924 999
3925 999
3926 1000
3927 1003
3928 996
3929 1002
3930 995
3931 1008
3932 994
3933 998
3934 1000
3935 1001
3936 1002
3937 995
3938 1000
3939 1003
3940 995
3941 1008
3942 993
3943 1000
3944 997
3945 1000
3946 1002
3947 997
3948 1003
3949 996
3950 996
3951 1000
3952 1005
3953 997
3954 1007
3955 992
3956 999
3957 999
3958 1003
3959 997
3960 1005
3961 993
3962 1001
3963 999
3964 999
3965 1002
3966 996
3967 1005
3968 994
3969 1002
3970 998
3971 1004
3972 993
3973 997
3974 1000
3975 999
3976 1005
3977 993
3978 1000
3979 1001
3980 998
3981 1003
3982 1004
3983 1007
3984 988
3985 999
3986 1002
3987 998
3988 1003
3989 995
3990 1000
3991 1000
3992 1003
3993 994
3994 1005
3995 995
3996 1002
3997 998
3998 1005
3999 994
4000 998
4001 1003
4002 998
4003 1007
4004 991
4005 1003
4006 996
4007 1004
4008 995
4009 999
4010 1003
4011 996
4012 1009
4013 990
4014 1000
4015 996
4016 1005
4017 997
4018 999
4019 1003
4020 997
4021 1004
4022 995
4023 999
4024 1002
4025 996
4026 1006
4027 994
4028 999
4029 1002
4030 997
4031 1006
4032 995
4033 998
4034 1001
4035 998
4036 1001
4037 1001
4038 997
4039 1007
4040 992
4041 1004
4042 995
4043 1006
4044 992
4045 1000
4046 998
4047 998
4048 1003
4049 998
4050 1005
4051 995
4052 1000
4053 998
4054 1000
4055 1004
4056 996
4057 1001
4058 995
4059 1004
4060 997
4061 1004
4062 996
4063 998
4064 999
4065 1003
4066 997
4067 1005
4068 994
4069 1002
4070 998
4071 1003
4072 998
4073 998
4074 1003
4075 995
4076 1004
4077 995
4078 999
4079 997
4080 1002
4081 999
4082 1007
4083 992
4084 999
4085 999
4086 1003
4087 998
4088 1004
4089 995
4090 1002
4091 998
4092 1009
4093 987
4094 1003
4095 996
4096 1006
4097 993
4098 1002
4099 998
4100 1001
4101 999
4102 1007
4103 990
4104 1000
4105 999
4106 1000
4107 1000
4108 999
4109 999
4110 1002
4111 997
4112 1010
4113 989
4114 1003
4115 996
4116 999
4117 1002
4118 997
4119 1001
4120 999
4121 996
4122 1005
4123 997
4124 1002
4125 996
4126 1000
4127 1000
4128 999
4129 999
4130 999
4131 1002
4132 1009
4133 988
4134 1000
4135 999
4136 1003
4137 997
4138 1004
4139 995
4140 1001
4141 998
4142 1000
4143 996
4144 1002
4145 999
4146 1005
4147 998
4148 996
4149 1003
4150 996
4151 1001
4152 998
4153 1000
4154 999
4155 1006
4156 992
4157 1006
4158 993
4159 1001
4160 998
4161 999
4162 1004
4163 997
4164 996
4165 1007
4166 994
4167 1002
4168 997
4169 999
4170 1000
4171 1003
4172 998
4173 998
4174 1002
4175 996
4176 1002
4177 997
4178 1002
4179 998
4180 999
4181 1002
4182 999
4183 1001
4184 992
4185 997
4186 1004
4187 997
4188 1000
4189 1000
4190 998
4191 1000
4192 1005
4193 998
4194 1004
4195 996
4196 999
4197 999
4198 1002
4199 998
4200 1003
4201 995
4202 1001
4203 998
4204 1002
4205 997
4206 1006
4207 990
4208 1008
4209 994
4210 1008
4211 992
4212 999
4213 999
4214 999
4215 999
4216 1003
4217 997
4218 1004
4219 995
4220 999
4221 1000
4222 1000
4223 998
4224 1001
4225 999
4226 1002
4227 999
4228 995
4229 1000
4230 1003
4231 997
4232 1006
4233 994
4234 998
4235 1001
4236 1002
4237 997
4238 1006
4239 992
4240 1002
4241 999
4242 1007
4243 991
4244 999
4245 1002
4246 996
4247 1006
4248 995
4249 996
4250 1003
4251 999
4252 1005
4253 993
4254 999
4255 1000
4256 999
4257 1002
4258 997
4259 1004
4260 995
4261 999
4262 1001
4263 999
4264 999
4265 1000
4266 999
4267 1003
4268 996
4269 1005
4270 995
4271 996
4272 1002
4273 1001
4274 998
4275 1000
4276 999
4277 1000
4278 1000
4279 1000
4280 1003
4281 996
4282 1007
4283 990
4284 1001
4285 999
4286 1002
4287 995
4288 1000
4289 1002
4290 998
4291 1003
4292 996
4293 998
4294 1003
4295 997
4296 1007
4297 992
4298 1003
4299 997
4300 1004
4301 994
4302 1001
4303 998
4304 1003
4305 995
4306 1006
4307 994
4308 1000
4309 1002
4310 996
4311 1004
4312 1002
4313 990
4314 1009
4315 993
4316 1002
4317 996
4318 1005
4319 994
4320 1004
4321 997
4322 1009
4323 992
4324 996
4325 999
4326 1004
4327 996
4328 1005
4329 995
4330 1002
4331 997
4332 1010
4333 988
4334 1003
4335 993
4336 1010
4337 991
4338 1001
4339 999
4340 1002
4341 998
4342 998
4343 999
4344 1000
4345 999
4346 999
4347 1007
4348 992
4349 1009
4350 990
4351 999
4352 1004
4353 996
4354 1004
4355 997
4356 996
4357 1003
4358 997
4359 1006
4360 993
4361 1000
4362 1000
4363 999
4364 1003
4365 995
4366 1006
4367 994
4368 999
4369 1001
4370 998
4371 1005
4372 996
4373 998
4374 998
4375 1002
4376 999
4377 1003
4378 993
4379 1006
4380 995
4381 1008
4382 991
4383 1000
4384 998
4385 1004
4386 996
4387 1004
4388 995
4389 1002
4390 996
4391 1004
4392 997
4393 998
4394 995
4395 1006
4396 993
4397 1004
4398 996
4399 1002
4400 997
4401 999
4402 1007
4403 997
4404 999
4405 999
4406 1000
4407 998
4408 1001
4409 998
4410 1004
4411 996
4412 1010
4413 989
4414 999
4415 1002
4416 997
4417 1003
4418 997
4419 1001
4420 995
4421 1003
4422 999
4423 1008
4424 990
4425 999
4426 1000
4427 1003
4428 996
4429 1005
4430 993
4431 1003
4432 999
4433 1005
4434 992
4435 1004
4436 994
4437 1008
4438 992
4439 1003
4440 997
4441 1005
4442 993
4443 1007
4444 992
4445 1007
4446 992
4447 999
4448 1000
4449 1002
4450 997
4451 1004
4452 996
4453 998
4454 1002
4455 997
4456 1003
4457 996
4458 1001
4459 998
4460 1001
4461 1002
4462 998
4463 1003
4464 992
4465 1003
4466 997
4467 1005
4468 994
4469 999
4470 1000
4471 1000
4472 1000
4473 999
4474 999
4475 1001
4476 998
4477 1004
4478 995
4479 1002
4480 997
4481 1003
4482 996
4483 1003
4484 994
4485 999
4486 1007
4487 994
4488 1000
4489 999
4490 999
4491 1002
4492 998
4493 1007
4494 992
4495 1003
4496 996
4497 999
4498 1003
4499 996
4500 1007
4501 992
4502 1000
4503 999
4504 1003
4505 996
4506 1003
4507 997
4508 998
4509 1002
4510 997
4511 1008
4512 991
4513 1002
4514 997
4515 1005
4516 994
4517 1000
4518 1006
4519 994
4520 1009
4521 991
4522 997
4523 1003
4524 996
4525 1002
4526 997
4527 996
4528 1009
4529 993
4530 1008
4531 991
4532 1001
4533 998
4534 1000
4535 1002
4536 997
4537 1007
4538 992
4539 1002
4540 997
4541 1005
4542 994
4543 999
4544 999
4545 1000
4546 1002
4547 998
4548 999
4549 997
4550 1009
4551 995
4552 999
4553 999
4554 1000
4555 997
4556 1002
4557 997
4558 1006
4559 992
4560 1001
4561 1003
4562 997
4563 998
4564 999
4565 1000
4566 999
4567 1007
4568 995
4569 1007
4570 986
4571 1006
4572 999
4573 997
4574 999
4575 1001
4576 997
4577 1000
4578 1002
4579 998
4580 1005
4581 994
4582 1004
4583 994
4584 1008
4585 992
4586 999
4587 1001
4588 998
4589 1003
4590 996
4591 997
4592 1004
4593 997
4594 1007
4595 994
4596 997
4597 1000
4598 1000
4599 1002
4600 996
4601 1005
4602 994
4603 999
4604 996
4605 1006
4606 992
4607 1004
4608 996
4609 1004
4610 998
4611 997
4612 1027
4613 974
4614 1008
4615 993
4616 999
4617 999
4618 1000
4619 1000
4620 1000
4621 998
4622 1000
4623 1003
4624 995
4625 1007
4626 992
4627 1004
4628 995
4629 1007
4630 993
4631 1000
4632 1000
4633 998
4634 1001
4635 999
4636 1003
4637 997
4638 997
4639 1000
4640 1000
4641 998
4642 1001
4643 1001
4644 998
4645 1003
4646 997
4647 998
4648 1004
4649 997
4650 997
4651 1007
4652 993
4653 1002
4654 996
4655 1001
4656 996
4657 1006
4658 995
4659 1008
4660 991
4661 1000
4662 1000
4663 998
4664 1000
4665 1003
4666 995
4667 1005
4668 995
4669 999
4670 1003
4671 996
4672 1008
4673 992
4674 999
4675 1003
4676 996
4677 1003
4678 996
4679 998
4680 1000
4681 1000
4682 1000
4683 999
4684 1003
4685 996
4686 1005
4687 993
4688 1000
4689 1003
4690 996
4691 1006
4692 995
4693 998
4694 999
4695 999
4696 1004
4697 996
4698 1002
4699 997
4700 1002
4701 996
4702 1008
4703 991
4704 1003
4705 996
4706 1004
4707 995
4708 1002
4709 997
4710 1003
4711 996
4712 1004
4713 996
4714 1005
4715 994
4716 999
4717 1003
4718 996
4719 1001
4720 996
4721 1007
4722 1003
4723 1000
4724 989
4725 1004
4726 996
4727 1004
4728 995
4729 999
4730 999
4731 1001
4732 1009
4733 997
4734 992
4735 998
4736 1002
4737 997
4738 1002
4739 1003
4740 995
4741 1003
4742 996
4743 998
4744 1004
4745 995
4746 1008
4747 992
4748 1002
4749 997
4750 1003
4751 995
4752 1000
4753 999
4754 1000
4755 1003
4756 996
4757 1006
4758 994
4759 1003
4760 997
4761 1006
4762 989
4763 997
4764 1005
4765 995
4766 1005
4767 992
4768 1000
4769 999
4770 1004
4771 996
4772 1004
4773 1000
4774 1003
4775 995
4776 1008
4777 991
4778 1000
4779 1002
4780 997
4781 1004
4782 997
4783 994
4784 1004
4785 998
4786 1005
4787 995
4788 998
4789 1000
4790 1003
4791 998
4792 1001
4793 998
4794 1000
4795 997
4796 1002
4797 996
4798 1004
4799 996
4800 1002
4801 998
4802 1000
4803 998
4804 999
4805 998
4806 1007
4807 995
4808 1001
4809 997
4810 1001
4811 999
4812 1003
4813 994
4814 1005
4815 990
4816 999
4817 1001
4818 999
4819 1003
4820 995
4821 1000
4822 1011
4823 992
4824 1007
4825 994
4826 996
4827 1002
4828 998
4829 1005
4830 995
4831 998
4832 1002
4833 998
4834 999
4835 1005
4836 995
4837 1006
4838 993
4839 999
4840 999
4841 1003
4842 997
4843 1008
4844 990
4845 1004
4846 996
4847 1001
4848 999
4849 997
4850 1006
4851 994
4852 1001
4853 1003
4854 993
4855 1003
4856 997
4857 1003
4858 996
4859 999
4860 1001
4861 998
4862 1001
4863 998
4864 1001
4865 998
4866 999
4867 1002
4868 998
4869 998
4870 1002
4871 998
4872 1000
4873 999
4874 1002
4875 998
4876 1002
4877 996
4878 999
4879 1002
4880 997
4881 1004
4882 996
4883 1003
4884 996
4885 998
4886 1003
4887 997
4888 1001
4889 999
4890 997
4891 1007
4892 994
4893 1001
4894 997
4895 1000
4896 999
4897 1004
4898 995
4899 1007
4900 994
4901 1001
4902 997
4903 1002
4904 996
4905 1001
4906 997
4907 1003
4908 997
4909 1001
4910 999
4911 998
4912 999
4913 1002
4914 997
4915 1003
4916 997
4917 1003
4918 996
4919 1002
4920 996
4921 1002
4922 998
4923 1004
4924 994
4925 1006
4926 993
4927 1004
4928 996
4929 1004
4930 994
4931 1002
4932 1002
4933 993
4934 1001
4935 1000
4936 1001
4937 997
4938 1004
4939 996
4940 1003
4941 996
4942 1003
4943 997
4944 998
4945 1002
4946 997
4947 1001
4948 999
4949 999
4950 999
4951 1003
4952 1007
4953 1000
4954 986
4955 1002
4956 999
4957 1000
4958 999
4959 1003
4960 996
4961 999
4962 1003
4963 997
4964 999
4965 1003
4966 996
4967 1001
4968 997
4969 1002
4970 997
4971 1002
4972 1008
4973 989
4974 999
4975 1000
4976 1002
4977 997
4978 1002
4979 997
4980 999
4981 1000
4982 1000
4983 999
4984 999
4985 1000
4986 1001
4987 999
4988 1004
4989 994
4990 1003
4991 996
4992 1002
4993 997
4994 1000
4995 1001
4996 998
4997 1001
4998 997
4999 1007
5000 993
5001 1009
5002 988
5003 1000
5004 1000
5005 1003
5006 995
5007 1010
5008 989
5009 1002
5010 998
5011 999
5012 1004
5013 995
5014 1002
5015 997
5016 1003
5017 996
5018 999
5019 999
5020 1002
5021 998
5022 1000
5023 996
5024 998
5025 1000
5026 1001
5027 999
5028 1004
5029 994
5030 1001
5031 999
5032 1003
5033 1004
5034 994
5035 1008
5036 991
5037 1001
5038 999
5039 1003
5040 995
5041 1002
5042 998
5043 1009
5044 990
5045 1005
5046 992
5047 1010
5048 992
5049 999
5050 998
5051 1005
5052 996
5053 1005
5054 992
5055 1000
5056 999
5057 1002
5058 997
5059 1005
5060 995
5061 996
5062 1004
5063 997
5064 1008
5065 991
5066 999
5067 1003
5068 996
5069 1006
5070 994
5071 1003
5072 996
5073 1008
5074 990
5075 1001
5076 998
5077 1000
5078 999
5079 1000
5080 1001
5081 999
5082 1003
5083 994
5084 1003
5085 997
5086 1006
5087 992
5088 1001
5089 998
5090 1003
5091 998
5092 1008
5093 990
5094 999
5095 1003
5096 996
5097 1004
5098 995
5099 1003
5100 996
5101 1005
5102 997
5103 997
5104 997
5105 1008
5106 993
5107 1008
5108 991
5109 999
5110 999
5111 1000
5112 1001
5113 998
5114 1002
5115 998
5116 1004
5117 994
5118 1003
5119 996
5120 1007
5121 992
5122 1001
5123 999
5124 1002
5125 993
5126 1006
5127 996
5128 1001
5129 998
5130 1006
5131 993
5132 1000
5133 999
5134 1002
5135 996
5136 1009
5137 990
5138 1007
5139 993
5140 1008
5141 990
5142 1001
5143 1000
5144 998
5145 1004
5146 993
5147 1004
5148 997
5149 1006
5150 992
5151 1001
5152 1007
5153 1000
5154 991
5155 1000
5156 999
5157 1002
5158 997
5159 1005
5160 993
5161 1002
5162 1007
5163 1000
5164 990
5165 1001
5166 998
5167 1004
5168 993
5169 1002
5170 998
5171 1005
5172 995
5173 999
5174 999
5175 1000
5176 1002
5177 997
5178 1007
5179 993
5180 1002
5181 995
5182 1010
5183 990
5184 998
5185 1006
5186 995
5187 1004
5188 996
5189 995
5190 1003
5191 998
5192 1001
5193 998
5194 1000
5195 1000
5196 999
5197 1002
5198 997
5199 1004
5200 995
5201 1001
5202 1007
5203 991
5204 999
5205 999
5206 1001
5207 998
5208 1002
5209 1001
5210 993
5211 1007
5212 995
5213 1002
5214 996
5215 1004
5216 996
5217 999
5218 1002
5219 998
5220 1004
5221 994
5222 1000
5223 999
5224 999
5225 1000
5226 1000
5227 1000
5228 1002
5229 995
5230 1005
5231 995
5232 999
5233 995
5234 1003
5235 997
5236 1003
5237 996
5238 999
5239 1002
5240 999
5241 1002
5242 998
5243 1000
5244 1003
5245 997
5246 1005
5247 992
5248 1003
5249 999
5250 1001
5251 997
5252 1002
5253 995
5254 1000
5255 1001
5256 999
5257 1004
5258 994
5259 1001
5260 999
5261 999
5262 1003
5263 997
5264 1007
5265 990
5266 1002
5267 999
5268 1004
5269 995
5270 1002
5271 998
5272 1003
5273 997
5274 997
5275 997
5276 1002
5277 999
5278 1004
5279 994
5280 1004
5281 997
5282 1008
5283 992
5284 997
5285 1003
5286 996
5287 1006
5288 993
5289 1003
5290 998
5291 1005
5292 995
5293 996
5294 1003
5295 998
5296 1002
5297 995
5298 1003
5299 999
5300 1005
5301 992
5302 1000
5303 998
5304 1003
5305 996
5306 1007
5307 993
5308 1001
5309 997
5310 1005
5311 993
5312 1001
5313 1002
5314 997
5315 1003
5316 997
5317 996
5318 1003
5319 997
5320 1005
5321 995
5322 1000
5323 1000
5324 998
5325 999
5326 1000
5327 999
5328 1000
5329 999
5330 1003
5331 997
5332 1006
5333 992
5334 1003
5335 997
5336 1005
5337 994
5338 1000
5339 997
5340 1002
5341 998
5342 1008
5343 991
5344 1002
5345 997
5346 1005
5347 995
5348 999
5349 999
5350 1004
5351 995
5352 1008
5353 991
5354 999
5355 1002
5356 997
5357 1005
5358 995
5359 1000
5360 996
5361 1003
5362 1000
5363 1008
5364 989
5365 1002
5366 997
5367 1005
5368 994
5369 999
5370 1003
5371 997
5372 1007
5373 991
5374 1003
5375 996
5376 1004
5377 995
5378 1000
5379 1003
5380 997
5381 1004
5382 994
5383 1003
5384 996
5385 1004
5386 995
5387 1000
5388 999
5389 999
5390 999
5391 1002
5392 1008
5393 989
5394 1000
5395 1005
5396 994
5397 1007
5398 991
5399 1005
5400 995
5401 1008
5402 992
5403 997
5404 1006
5405 994
5406 1008
5407 991
5408 1002
5409 996
5410 1007
5411 993
5412 1003
5413 996
5414 1007
5415 992
5416 999
5417 1002
5418 997
5419 1006
5420 994
5421 998
5422 1003
5423 998
5424 1002
5425 994
5426 1005
5427 997
5428 1007
5429 990
5430 1000
5431 999
5432 1004
5433 995
5434 1008
5435 992
5436 1001
5437 997
5438 1004
5439 996
5440 998
5441 1003
5442 998
5443 1002
5444 993
5445 996
5446 999
5447 1003
5448 999
5449 1002
5450 997
5451 1004
5452 1006
5453 1001
5454 991
5455 998
5456 1002
5457 997
5458 1006
5459 998
5460 996
5461 1003
5462 997
5463 1005
5464 992
5465 1002
5466 998
5467 1001
5468 1000
5469 997
5470 1004
5471 994
5472 1005
5473 995
5474 1008
5475 995
5476 995
5477 1003
5478 996
5479 1007
5480 993
5481 1007
5482 991
5483 1012
5484 986
5485 1004
5486 995
5487 1007
5488 990
5489 1002
5490 999
5491 1011
5492 992
5493 996
5494 1000
5495 999
5496 1003
5497 996
5498 1007
5499 1004
5500 992
5501 1004
5502 999
5503 993
5504 998
5505 1002
5506 997
5507 1011
5508 989
5509 996
5510 1008
5511 994
5512 1012
5513 988
5514 997
5515 1012
5516 993
5517 1002
5518 991
5519 1002
5520 997
5521 1000
5522 1014
5523 996
5524 989
5525 999
5526 1002
5527 998
5528 1002
5529 997
5530 998
5531 997
5532 1020
5533 982
5534 1001
5535 997
5536 1005
5537 994
5538 1002
5539 998
5540 1003
5541 995
5542 1024
5543 976
5544 999
5545 1002
5546 997
5547 1003
5548 995
5549 1003
5550 996
5551 1008
5552 1017
5553 973
5554 1002
5555 999
5556 1004
5557 994
5558 999
5559 1000
5560 1003
5561 995
5562 1036
5563 965
5564 1002
5565 995
5566 1000
5567 1002
5568 996
5569 1001
5570 998
5571 1003
5572 1028
5573 970
5574 996
5575 1001
5576 1003
5577 996
5578 1005
5579 994
5580 1001
5581 999
5582 1028
5583 970
5584 1002
5585 997
5586 1008
5587 992
5588 999
5589 999
5590 1001
5591 998
5592 1003
5593 997
5594 1002
5595 994
5596 1009
5597 992
5598 1001
5599 997
5600 1006
5601 993
5602 1000
5603 1002
5604 997
5605 1002
5606 998
5607 1006
5608 992
5609 1003
5610 996
5611 1006
5612 994
5613 1000
5614 999
5615 1001
5616 995
5617 1003
5618 1000
5619 998
5620 1004
5621 994
5622 1000
5623 1003
5624 996
5625 1006
5626 993
5627 1000
5628 999
5629 1002
5630 996
5631 1006
5632 994
5633 1002
5634 997
5635 1003
5636 997
5637 999
5638 997
5639 1007
5640 993
5641 1008
5642 991
5643 1006
5644 993
5645 1009
5646 990
5647 1004
5648 995
5649 1005
5650 997
5651 997
5652 1003
5653 998
5654 994
5655 1003
5656 995
5657 1005
5658 995
5659 996
5660 1007
5661 994
5662 1008
5663 997
5664 998
5665 1000
5666 999
5667 1002
5668 997
5669 1004
5670 995
5671 1001
5672 998
5673 1006
5674 993
5675 999
5676 1003
5677 996
5678 1005
5679 996
5680 995
5681 1004
5682 998
5683 1007
5684 992
5685 999
5686 1000
5687 999
5688 1000
5689 1001
5690 997
5691 1005
5692 995
5693 1003
5694 996
5695 1006
5696 993
5697 1001
5698 997
5699 1002
5700 1001
5701 996
5702 1004
5703 995
5704 1000
5705 1001
5706 997
5707 1004
5708 996
5709 1002
5710 996
5711 1007
5712 991
5713 1005
5714 995
5715 1007
5716 993
5717 999
5718 1000
5719 1000
5720 1003
5721 997
5722 1006
5723 996
5724 993
5725 1006
5726 992
5727 1008
5728 992
5729 1003
5730 996
5731 1010
5732 990
5733 1002
5734 996
5735 1007
5736 992
5737 1004
5738 994
5739 1012
5740 988
5741 1000
5742 1003
5743 997
5744 1006
5745 989
5746 1008
5747 1004
5748 999
5749 991
5750 998
5751 1004
5752 998
5753 1005
5754 994
5755 1011
5756 991
5757 1003
5758 990
5759 1001
5760 998
5761 1002
5762 1003
5763 1007
5764 995
5765 991
5766 998
5767 1007
5768 995
5769 1007
5770 991
5771 998
5772 1001
5773 999
5774 999
5775 999
5776 1002
5777 998
5778 1004
5779 994
5780 1006
5781 993
5782 1007
5783 993
5784 999
5785 1002
5786 997
5787 1001
5788 996
5789 1002
5790 998
5791 1003
5792 996
5793 1002
5794 998
5795 1001
5796 998
5797 1005
5798 993
5799 1002
5800 998
5801 1003
5802 995
5803 1001
5804 1002
5805 995
5806 1005
5807 996
5808 996
5809 1003
5810 998
5811 1003
5812 997
5813 1000
5814 998
5815 1000
5816 1002
5817 996
5818 1006
5819 994
5820 999
5821 1001
5822 997
5823 1001
5824 999
5825 1002
5826 996
5827 1005
5828 996
5829 999
5830 997
5831 1003
5832 997
5833 1001
5834 998
5835 1003
5836 997
5837 1005
5838 993
5839 1000
5840 1002
5841 997
5842 1007
5843 993
5844 1003
5845 995
5846 1006
5847 993
5848 999
5849 1003
5850 997
5851 1001
5852 996
5853 1002
5854 999
5855 999
5856 999
5857 1004
5858 995
5859 1003
5860 997
5861 1006
5862 992
5863 1004
5864 992
5865 1007
5866 991
5867 998
5868 1004
5869 996
5870 1003
5871 996
5872 998
5873 1004
5874 1003
5875 997
5876 1006
5877 993
5878 1000
5879 999
5880 1003
5881 996
5882 1005
5883 996
5884 998
5885 1002
5886 997
5887 1006
5888 992
5889 999
5890 1004
5891 996
5892 1004
5893 998
5894 997
5895 999
5896 1003
5897 998
5898 997
5899 1005
5900 994
5901 1004
5902 995
5903 1009
5904 991
5905 998
5906 1003
5907 996
5908 1005
5909 997
5910 997
5911 1000
5912 999
5913 1001
5914 999
5915 996
5916 1001
5917 1002
5918 998
5919 1005
5920 993
5921 1001
5922 998
5923 1002
5924 998
5925 1003
5926 996
5927 1007
5928 992
5929 999
5930 999
5931 1000
5932 1004
5933 997
5934 1006
5935 991
5936 1000
5937 996
5938 1008
5939 994
5940 1009
5941 991
5942 998
5943 1002
5944 998
5945 1001
5946 997
5947 1006
5948 994
5949 1002
5950 997
5951 1004
5952 994
5953 1001
5954 999
5955 998
5956 1002
5957 998
5958 1001
5959 998
5960 1003
5961 999
5962 1002
5963 993
5964 1006
5965 994
5966 1006
5967 992
5968 1003
5969 996
5970 1006
5971 993
5972 1003
5973 998
5974 997
5975 1001
5976 998
5977 1007
5978 995
5979 1003
5980 993
5981 1002
5982 997
5983 1007
5984 993
5985 999
5986 1000
5987 1002
5988 998
5989 1003
5990 995
5991 1005
5992 995
5993 1007
5994 992
5995 998
5996 1003
5997 996
5998 1007
5999 993
6000 1002
6001 994
6002 1008
6003 995
6004 998
6005 999
6006 999
6007 1003
6008 995
6009 1007
6010 994
6011 1003
6012 998
6013 1008
6014 988
6015 1002
6016 996
6017 1008
6018 991
6019 1001
6020 1000
6021 1004
6022 991
6023 1003
6024 999
6025 1007
6026 991
6027 1000
6028 1000
6029 999
6030 1003
6031 1007
6032 998
6033 992
6034 997
6035 1003
6036 997
6037 1003
6038 995
6039 1001
6040 999
6041 1001
6042 998
6043 998
6044 998
6045 1004
6046 997
6047 1006
6048 993
6049 1000
6050 999
6051 999
6052 1001
6053 1000
6054 998
6055 999
6056 1003
6057 997
6058 1005
6059 993
6060 1003
6061 996
6062 1005
6063 998
6064 996
6065 997
6066 1002
6067 999
6068 1005
6069 994
6070 1000
6071 1000
6072 998
6073 1001
6074 994
6075 1003
6076 996
6077 1006
6078 994
6079 998
6080 1000
6081 1002
6082 997
6083 1006
6084 1002
6085 996
6086 1002
6087 994
6088 1007
6089 994
6090 1007
6091 992
6092 1000
6093 1000
6094 998
6095 999
6096 1000
6097 1000
6098 1001
6099 998
6100 1003
6101 995
6102 1003
6103 998
6104 1003
6105 995
6106 1004
6107 993
6108 1007
6109 993
6110 1001
6111 998
6112 1004
6113 996
6114 999
6115 1003
6116 996
6117 1007
6118 991
6119 1004
6120 996
6121 1005
6122 994
6123 1001
6124 998
6125 999
6126 1001
6127 999
6128 1003
6129 992
6130 1007
6131 995
6132 1008
6133 991
6134 1000
6135 999
6136 999
6137 1002
6138 997
6139 1005
6140 995
6141 999
6142 999
6143 1000
6144 1000
6145 998
6146 1005
6147 995
6148 1002
6149 998
6150 1001
6151 998
6152 998
6153 1009
6154 990
6155 999
6156 1001
6157 998
6158 1002
6159 997
6160 1006
6161 993
6162 1001
6163 999
6164 1005
6165 994
6166 998
6167 1003
6168 997
6169 1003
6170 996
6171 999
6172 998
6173 1002
6174 1002
6175 996
6176 1002
6177 996
6178 1001
6179 999
6180 999
6181 1000
6182 999
6183 1001
6184 998
6185 999
6186 1001
6187 999
6188 1005
6189 994
6190 999
6191 1002
6192 998
6193 1005
6194 992
6195 1008
6196 993
6197 1008
6198 991
6199 1000
6200 1001
6201 999
6202 995
6203 1005
6204 996
6205 1005
6206 992
6207 1002
6208 998
6209 1003
6210 997
6211 999
6212 1008
6213 998
6214 1000
6215 993
6216 1002
6217 996
6218 1008
6219 991
6220 1000
6221 999
6222 1003
6223 1006
6224 998
6225 991
6226 1002
6227 996
6228 1004
6229 996
6230 1004
6231 997
6232 1004
6233 997
6234 1000
6235 995
6236 1004
6237 995
6238 1001
6239 997
6240 1005
6241 997
6242 1002
6243 1006
6244 988
6245 1000
6246 999
6247 1004
6248 996
6249 1002
6250 997
6251 1000
6252 1002
6253 1007
6254 988
6255 998
6256 1000
6257 998
6258 1007
6259 994
6260 1008
6261 991
6262 1003
6263 997
6264 999
6265 1000
6266 1004
6267 995
6268 999
6269 1002
6270 996
6271 1007
6272 992
6273 1001
6274 999
6275 999
6276 1002
6277 998
6278 1000
6279 997
6280 1001
6281 999
6282 1004
6283 995
6284 996
6285 999
6286 999
6287 999
6288 1003
6289 997
6290 1005
6291 994
6292 1000
6293 1005
6294 997
6295 1006
6296 993
6297 1003
6298 997
6299 1006
6300 990
6301 1003
6302 998
6303 1008
6304 991
6305 999
6306 1000
6307 1003
6308 996
6309 1004
6310 995
6311 999
6312 999
6313 1001
6314 999
6315 999
6316 1001
6317 1000
6318 1001
6319 997
6320 1002
6321 993
6322 1006
6323 997
6324 1001
6325 997
6326 1007
6327 991
6328 1000
6329 1001
6330 998
6331 1003
6332 996
6333 1001
6334 998
6335 999
6336 999
6337 1004
6338 996
6339 1004
6340 996
6341 999
6342 997
6343 1001
6344 1002
6345 997
6346 1007
6347 992
6348 1002
6349 998
6350 1004
6351 994
6352 999
6353 1002
6354 998
6355 1002
6356 997
6357 1006
6358 992
6359 1003
6360 996
6361 1004
6362 995
6363 1002
6364 996
6365 1007
6366 994
6367 1007
6368 992
6369 1003
6370 995
6371 1007
6372 993
6373 1000
6374 998
6375 1002
6376 998
6377 1005
6378 994
6379 1001
6380 997
6381 1006
6382 993
6383 1001
6384 1000
6385 995
6386 1003
6387 998
6388 1006
6389 994
6390 999
6391 999
6392 999
6393 1001
6394 1001
6395 997
6396 1004
6397 995
6398 1003
6399 996
6400 1002
6401 997
6402 1001
6403 1000
6404 1003
6405 995
6406 997
6407 1003
6408 997
6409 1006
6410 993
6411 1003
6412 997
6413 1008
6414 991
6415 999
6416 998
6417 1002
6418 998
6419 1008
6420 993
6421 998
6422 999
6423 1004
6424 995
6425 1008
6426 992
6427 999
6428 997
6429 1003
6430 999
6431 1005
6432 993
6433 999
6434 999
6435 1000
6436 1001
6437 999
6438 1002
6439 998
6440 1004
6441 996
6442 995
6443 1002
6444 1003
6445 996
6446 1006
6447 992
6448 1002
6449 995
6450 1004
6451 997
6452 1002
6453 1006
6454 990
6455 1000
6456 1000
6457 1001
6458 997
6459 1005
6460 995
6461 1003
6462 995
6463 1010
6464 989
6465 1000
6466 1003
6467 996
6468 1004
6469 997
6470 1000
6471 997
6472 1008
6473 994
6474 996
6475 999
6476 1002
6477 998
6478 998
6479 1000
6480 1001
6481 1001
6482 999
6483 1000
6484 998
6485 999
6486 999
6487 1001
6488 998
6489 1003
6490 1000
6491 996
6492 1002
6493 1000
6494 993
6495 1006
6496 991
6497 1000
6498 1000
6499 998
6500 1002
6501 998
6502 1004
6503 999
6504 1000
6505 1003
6506 996
6507 1004
6508 994
6509 1003
6510 996
6511 1004
6512 996
6513 998
6514 1001
6515 999
6516 1005
6517 994
6518 1000
6519 999
6520 1003
6521 998
6522 1004
6523 993
6524 1000
6525 999
6526 1003
6527 996
6528 1005
6529 993
6530 1003
6531 996
6532 1004
6533 998
6534 997
6535 998
6536 1008
6537 993
6538 1008
6539 990
6540 1004
6541 995
6542 1006
6543 996
6544 997
6545 1003
6546 995
6547 1005
6548 996
6549 998
6550 1000
6551 1002
6552 996
6553 1007
6554 994
6555 1002
6556 994
6557 1005
6558 995
6559 1001
6560 999
6561 1003
6562 996
6563 999
6564 1003
6565 996
6566 1006
6567 993
6568 1002
6569 998
6570 1004
6571 993
6572 1005
6573 996
6574 1007
6575 992
6576 1002
6577 994
6578 1004
6579 997
6580 1006
6581 993
6582 1007
6583 992
6584 998
6585 1000
6586 1000
6587 1000
6588 999
6589 999
6590 1000
6591 999
6592 1000
6593 1002
6594 996
6595 999
6596 1003
6597 998
6598 1004
6599 992
6600 1006
6601 995
6602 1008
6603 992
6604 999
6605 999
6606 1003
6607 996
6608 1005
6609 994
6610 1000
6611 999
6612 1000
6613 1001
6614 997
6615 999
6616 1004
6617 996
6618 1004
6619 996
6620 996
6621 1002
6622 999
6623 1007
6624 992
6625 1000
6626 999
6627 1000
6628 1003
6629 995
6630 1007
6631 993
6632 999
6633 1001
6634 998
6635 1000
6636 1003
6637 995
6638 1006
6639 994
6640 1003
6641 993
6642 1007
6643 995
6644 1002
6645 996
6646 1008
6647 991
6648 1005
6649 995
6650 1007
6651 991
6652 1003
6653 1005
6654 990
6655 1000
6656 1001
6657 997
6658 1003
6659 996
6660 1006
6661 995
6662 1002
6663 1003
6664 992
6665 1001
6666 999
6667 999
6668 1002
6669 996
6670 1000
6671 1003
6672 996
6673 1003
6674 996
6675 1001
6676 998
6677 1003
6678 996
6679 1002
6680 999
6681 999
6682 997
6683 1003
6684 995
6685 1003
6686 996
6687 1004
6688 996
6689 1005
6690 995
6691 1005
6692 995
6693 1019
6694 980
6695 999
6696 999
6697 1002
6698 997
6699 1005
6700 994
6701 1003
6702 996
6703 1000
6704 995
6705 1000
6706 997
6707 1002
6708 1002
6709 996
6710 1005
6711 996
6712 999
6713 1009
6714 992
6715 1010
6716 990
6717 1002
6718 997
6719 1002
6720 997
6721 999
6722 1006
6723 995
6724 1006
6725 991
6726 1002
6727 995
6728 1008
6729 994
6730 1002
6731 995
6732 1008
6733 994
6734 997
6735 1000
6736 999
6737 1003
6738 995
6739 1006
6740 994
6741 1002
6742 996
6743 1007
6744 993
6745 998
6746 1002
6747 999
6748 998
6749 1002
6750 998
6751 1004
6752 994
6753 1000
6754 1000
6755 999
6756 1002
6757 997
6758 1006
6759 992
6760 1002
6761 998
6762 1000
6763 1000
6764 999
6765 1001
6766 997
6767 1003
6768 996
6769 1002
6770 995
6771 1007
6772 994
6773 1001
6774 998
6775 1000
6776 999
6777 999
6778 1001
6779 999
6780 1003
6781 995
6782 1008
6783 992
6784 999
6785 1000
6786 999
6787 1002
6788 997
6789 1003
6790 997
6791 1000
6792 997
6793 1003
6794 997
6795 999
6796 1000
6797 999
6798 1000
6799 1003
6800 996
6801 1007
6802 991
6803 1001
6804 999
6805 1002
6806 996
6807 1004
6808 995
6809 999
6810 1002
6811 998
6812 1004
6813 994
6814 1003
6815 997
6816 1007
6817 993
6818 998
6819 999
6820 1002
6821 997
6822 1006
6823 994
6824 999
6825 999
6826 999
6827 1002
6828 999
6829 1003
6830 994
6831 1002
6832 998
6833 1007
6834 990
6835 1002
6836 999
6837 1006
6838 992
6839 1000
6840 999
6841 1002
6842 997
6843 1007
6844 994
6845 1000
6846 997
6847 1005
6848 998
6849 995
6850 1008
6851 992
6852 1005
6853 998
6854 997
6855 996
6856 1002
6857 998
6858 1006
6859 993
6860 1001
6861 999
6862 999
6863 1000
6864 999
6865 999
6866 1000
6867 1002
6868 998
6869 1005
6870 993
6871 999
6872 1000
6873 1001
6874 999
6875 1002
6876 995
6877 1004
6878 996
6879 1002
6880 996
6881 1002
6882 998
6883 999
6884 1004
6885 995
6886 1007
6887 993
6888 999
6889 1000
6890 999
6891 1003
6892 997
6893 1000
6894 1000
6895 997
6896 1008
6897 991
6898 998
6899 1001
6900 1004
6901 997
6902 997
6903 1000
6904 1000
6905 999
6906 1003
6907 995
6908 1003
6909 996
6910 1003
6911 996
6912 1003
6913 998
6914 994
6915 1001
6916 998
6917 1007
6918 993
6919 999
6920 999
6921 1005
6922 996
6923 996
6924 1000
6925 1000
6926 997
6927 1003
6928 998
6929 1005
6930 994
6931 1002
6932 999
6933 1003
6934 999
6935 1000
6936 998
6937 1000
6938 1007
6939 993
6940 1005
6941 991
6942 1006
6943 996
6944 1007
6945 991
6946 1000
6947 1000
6948 1001
6949 997
6950 1005
6951 996
6952 1000
6953 1003
6954 993
6955 1008
6956 991
6957 1002
6958 997
6959 1002
6960 997
6961 1000
6962 997
6963 1008
6964 994
6965 1006
6966 993
6967 1000
6968 998
6969 1008
6970 993
6971 1005
6972 992
6973 1002
6974 996
6975 1001
6976 998
6977 1000
6978 1000
6979 1002
6980 997
6981 1003
6982 997
6983 998
6984 999
6985 1001
6986 998
6987 1004
6988 997
6989 1002
6990 995
6991 1008
6992 991
6993 1001
6994 999
6995 999
6996 1001
6997 999
6998 1005
6999 993
7000 1003
7001 996
7002 1002
7003 999
7004 1003
7005 991
7006 1010
7007 991
7008 1004
7009 995
7010 1007
7011 993
7012 1003
7013 998
7014 997
7015 1006
7016 993
7017 1001
7018 998
7019 1004
7020 996
7021 999
7022 999
7023 1001
7024 999
7025 999
7026 997
7027 1002
7028 999
7029 1005
7030 993
7031 1002
7032 997
7033 1008
7034 991
7035 1002
7036 998
7037 1004
7038 993
7039 1001
7040 999
7041 1003
7042 997
7043 1009
7044 990
7045 1002
7046 997
7047 1001
7048 996
7049 1002
7050 999
7051 1002
7052 997
7053 999
7054 999
7055 1001
7056 998
7057 1003
7058 996
7059 1005
7060 995
7061 998
7062 1001
7063 999
7064 1002
7065 996
7066 1002
7067 998
7068 1001
7069 995
7070 1005
7071 998
7072 998
7073 1000
7074 998
7075 1000
7076 1003
7077 996
7078 1006
7079 992
7080 1000
7081 1003
7082 997
7083 1009
7084 990
7085 1002
7086 996
7087 1005
7088 995
7089 1003
7090 994
7091 1006
7092 994
7093 1002
7094 998
7095 1004
7096 994
7097 1000
7098 1002
7099 997
7100 1005
7101 993
7102 1002
7103 1007
7104 990
7105 999
7106 1003
7107 996
7108 1006
7109 994
7110 1003
7111 993
7112 1007
7113 995
7114 1002
7115 996
7116 1005
7117 994
7118 1004
7119 995
7120 1008
7121 991
7122 999
7123 1003
7124 993
7125 999
7126 1001
7127 997
7128 1006
7129 993
7130 1006
7131 995
7132 1006
7133 995
7134 1003
7135 997
7136 1006
7137 992
7138 1000
7139 1000
7140 1002
7141 997
7142 1003
7143 997
7144 1000
7145 998
7146 1006
7147 992
7148 1004
7149 995
7150 1004
7151 998
7152 997
7153 1006
7154 991
7155 1008
7156 994
7157 1008
7158 992
7159 999
7160 1000
7161 1000
7162 996
7163 1001
7164 1003
7165 996
7166 1006
7167 991
7168 1003
7169 998
7170 1003
7171 995
7172 1004
7173 998
7174 1006
7175 988
7176 1002
7177 999
7178 1004
7179 995
7180 1000
7181 999
7182 1000
7183 1000
7184 999
7185 1002
7186 997
7187 1003
7188 996
7189 1000
7190 1002
7191 998
7192 1005
7193 995
7194 999
7195 998
7196 1003
7197 993
7198 1010
7199 991
7200 1000
7201 1001
7202 999
7203 1000
7204 998
7205 998
7206 1000
7207 1008
7208 993
7209 1007
7210 992
7211 997
7212 1003
7213 999
7214 1005
7215 991
7216 1002
7217 998
7218 1002
7219 995
7220 1002
7221 998
7222 1003
7223 999
7224 997
7225 999
7226 1003
7227 996
7228 1006
7229 993
7230 1003
7231 995
7232 1007
7233 994
7234 999
7235 998
7236 1003
7237 998
7238 1007
7239 988
7240 1004
7241 998
7242 1006
7243 993
7244 1001
7245 998
7246 1000
7247 1001
7248 997
7249 1007
7250 993
7251 999
7252 1003
7253 997
7254 1006
7255 992
7256 1001
7257 998
7258 1001
7259 1001
7260 997
7261 1001
7262 997
7263 1001
7264 998
7265 1000
7266 999
7267 999
7268 1001
7269 998
7270 999
7271 1001
7272 999
7273 1000
7274 999
7275 1003
7276 997
7277 1003
7278 994
7279 1000
7280 1001
7281 999
7282 999
7283 1002
7284 998
7285 1004
7286 993
7287 1003
7288 996
7289 1004
7290 995
7291 999
7292 1003
7293 1004
7294 1001
7295 990
7296 1003
7297 997
7298 1005
7299 994
7300 1000
7301 1000
7302 1002
7303 1009
7304 983
7305 1002
7306 1002
7307 997
7308 1004
7309 995
7310 999
7311 1001
7312 998
7313 1011
7314 989
7315 1000
7316 1002
7317 996
7318 1008
7319 992
7320 1002
7321 996
7322 1003
7323 997
7324 1000
7325 1001
7326 996
7327 1003
7328 997
7329 999
7330 999
7331 1000
7332 1000
7333 1002
7334 995
7335 1006
7336 989
7337 1003
7338 997
7339 1004
7340 995
7341 1003
7342 997
7343 1003
7344 1001
7345 998
7346 1003
7347 996
7348 1006
7349 992
7350 1009
7351 990
7352 1001
7353 999
7354 999
7355 1000
7356 1003
7357 996
7358 1006
7359 992
7360 999
7361 1003
7362 996
7363 1006
7364 995
7365 1003
7366 995
7367 1005
7368 991
7369 1004
7370 997
7371 1005
7372 996
7373 1000
7374 997
7375 1000
7376 1005
7377 994
7378 1008
7379 991
7380 1008
7381 992
7382 1006
7383 993
7384 998
7385 1000
7386 999
7387 1003
7388 997
7389 999
7390 1000
7391 998
7392 1006
7393 999
7394 994
7395 1006
7396 997
7397 1005
7398 991
7399 1005
7400 995
7401 1006
7402 990
7403 1008
7404 1001
7405 999
7406 990
7407 999
7408 1006
7409 995
7410 1003
7411 994
7412 1013
7413 994
7414 1000
7415 992
7416 1000
7417 999
7418 1002
7419 996
7420 1010
7421 990
7422 999
7423 1005
7424 993
7425 1000
7426 1003
7427 997
7428 1012
7429 988
7430 1003
7431 998
7432 1002
7433 1003
7434 993
7435 996
7436 1013
7437 987
7438 1003
7439 995
7440 1000
7441 1003
7442 998
7443 1017
7444 993
7445 987
7446 999
7447 1000
7448 998
7449 1004
7450 998
7451 1004
7452 997
7453 1015
7454 979
7455 1003
7456 997
7457 1005
7458 993
7459 1001
7460 999
7461 1005
7462 994
7463 1024
7464 975
7465 1002
7466 996
7467 1006
7468 994
7469 998
7470 1003
7471 997
7472 1004
7473 1022
7474 971
7475 999
7476 1007
7477 995
7478 1006
7479 992
7480 999
7481 1003
7482 997
7483 1036
7484 963
7485 999
7486 999
7487 1001
7488 998
7489 1004
7490 995
7491 1002
7492 997
7493 1034
7494 966
7495 1002
7496 994
7497 1007
7498 994
7499 1000
7500 999
7501 1005
7502 994
7503 1035
7504 964
7505 999
7506 999
7507 1005
7508 995
7509 1000
7510 998
7511 1000
7512 999
7513 1002
7514 998
7515 998
7516 1000
7517 1000
7518 998
7519 1007
7520 994
7521 1007
7522 992
7523 999
7524 1002
7525 997
7526 999
7527 1001
7528 1000
7529 1003
7530 995
7531 998
7532 1004
7533 996
7534 1000
7535 998
7536 1000
7537 1000
7538 997
7539 1003
7540 998
7541 1006
7542 993
7543 999
7544 1001
7545 994
7546 1003
7547 996
7548 1006
7549 993
7550 1000
7551 998
7552 1003
7553 996
7554 1005
7555 1000
7556 1001
7557 998
7558 1005
7559 993
7560 997
7561 1008
7562 994
7563 1008
7564 992
7565 999
7566 998
7567 1002
7568 997
7569 1000
7570 999
7571 1003
7572 997
7573 1004
7574 996
7575 998
7576 999
7577 1002
7578 997
7579 1002
7580 1006
7581 990
7582 1007
7583 993
7584 1001
7585 998
7586 1005
7587 994
7588 999
7589 1002
7590 997
7591 1005
7592 993
7593 1003
7594 998
7595 1006
7596 992
7597 1002
7598 997
7599 1004
7600 995
7601 1000
7602 1000
7603 996
7604 1007
7605 994
7606 999
7607 1000
7608 999
7609 1000
7610 1003
7611 995
7612 1007
7613 993
7614 1004
7615 995
7616 1007
7617 992
7618 999
7619 1003
7620 999
7621 1001
7622 996
7623 1001
7624 997
7625 1007
7626 992
7627 1002
7628 997
7629 1007
7630 993
7631 998
7632 1000
7633 999
7634 1004
7635 995
7636 1006
7637 995
7638 999
7639 1000
7640 1000
7641 1000
7642 996
7643 1004
7644 1006
7645 996
7646 990
7647 1003
7648 998
7649 1003
7650 998
7651 997
7652 1012
7653 988
7654 1001
7655 1009
7656 991
7657 1005
7658 992
7659 999
7660 1009
7661 991
7662 1007
7663 991
7664 1007
7665 994
7666 1007
7667 988
7668 1012
7669 990
7670 1003
7671 997
7672 1000
7673 998
7674 1000
7675 998
7676 1012
7677 994
7678 1000
7679 991
7680 1008
7681 994
7682 1005
7683 992
7684 1014
7685 990
7686 995
7687 1004
7688 993
7689 1008
7690 993
7691 998
7692 1000
7693 1000
7694 1000
7695 999
7696 1002
7697 996
7698 1008
7699 991
7700 1002
7701 998
7702 1005
7703 993
7704 1000
7705 1002
7706 996
7707 1004
7708 996
7709 1000
7710 998
7711 1007
7712 993
7713 999
7714 1001
7715 998
7716 1003
7717 996
7718 1006
7719 993
7720 999
7721 1000
7722 999
7723 1000
7724 1000
7725 999
7726 1001
7727 997
7728 1002
7729 998
7730 999
7731 997
7732 1007
7733 994
7734 1009
7735 991
7736 999
7737 999
7738 1000
7739 999
7740 1000
7741 1000
7742 999
7743 999
7744 1001
7745 1002
7746 995
7747 1008
7748 992
7749 1003
7750 996
7751 1004
7752 992
7753 1008
7754 994
7755 995
7756 999
7757 1000
7758 1002
7759 996
7760 1000
7761 1000
7762 999
7763 999
7764 1009
7765 996
7766 1006
7767 993
7768 998
7769 999
7770 1000
7771 1001
7772 999
7773 1001
7774 997
7775 1001
7776 999
7777 998
7778 1000
7779 1000
7780 998
7781 1004
7782 998
7783 1005
7784 993
7785 999
7786 999
7787 999
7788 1000
7789 999
7790 1001
7791 998
7792 1002
7793 998
7794 1004
7795 992
7796 1010
7797 992
7798 999
7799 999
7800 1004
7801 995
7802 1002
7803 997
7804 1006
7805 993
7806 999
7807 1003
7808 996
7809 1006
7810 994
7811 1000
7812 998
7813 1002
7814 1001
7815 997
7816 1000
7817 996
7818 1007
7819 994
7820 1008
7821 991
7822 1002
7823 997
7824 1008
7825 991
7826 999
7827 999
7828 1003
7829 998
7830 1003
7831 994
7832 1003
7833 996
7834 1005
7835 995
7836 1003
7837 994
7838 1007
7839 993
7840 1005
7841 994
7842 1006
7843 993
7844 1001
7845 999
7846 999
7847 1001
7848 998
7849 1002
7850 997
7851 999
7852 1000
7853 1000
7854 999
7855 999
7856 1000
7857 1001
7858 997
7859 1001
7860 998
7861 1003
7862 997
7863 1005
7864 995
7865 998
7866 1003
7867 996
7868 1006
7869 993
7870 1003
7871 995
7872 1006
7873 994
7874 1000
7875 999
7876 1003
7877 996
7878 1003
7879 1002
7880 993
7881 1006
7882 992
7883 1001
7884 1000
7885 1005
7886 991
7887 1004
7888 997
7889 1006
7890 992
7891 1003
7892 998
7893 1004
7894 995
7895 999
7896 999
7897 1004
7898 995
7899 1003
7900 996
7901 1005
7902 992
7903 1002
7904 999
7905 999
7906 1000
7907 998
7908 1004
7909 997
7910 1006
7911 995
7912 999
7913 999
7914 999
7915 998
7916 998
7917 1001
7918 1003
7919 996
7920 1005
7921 996
7922 997
7923 1001
7924 1006
7925 1000
7926 991
7927 1001
7928 1003
7929 995
7930 1004
7931 996
7932 998
7933 1000
7934 1006
7935 993
7936 1007
7937 992
7938 1001
7939 997
7940 1005
7941 994
7942 1003
7943 997
7944 1006
7945 991
7946 1007
7947 994
7948 1007
7949 991
7950 999
7951 1000
7952 1003
7953 995
7954 1011
7955 989
7956 1002
7957 997
7958 999
7959 1001
7960 998
7961 1001
7962 998
7963 1001
7964 1008
7965 984
7966 1001
7967 1000
7968 1001
7969 997
7970 1000
7971 1003
7972 996
7973 1000
7974 1005
7975 999
7976 998
7977 999
7978 1003
7979 997
7980 1007
7981 993
7982 1001
7983 996
7984 1002
7985 998
7986 1008
7987 989
7988 1006
7989 995
7990 999
7991 999
7992 999
7993 1000
7994 1001
7995 998
7996 1000
7997 1002
7998 997
7999 1005
8000 993
8001 1000
8002 999
8003 999
8004 1002
8005 998
8006 1004
8007 995
8008 1003
8009 994
8010 1006
8011 995
8012 1008
8013 991
8014 1000
8015 998
8016 1004
8017 996
8018 1006
8019 993
8020 999
8021 1002
8022 997
8023 1008
8024 992
8025 999
8026 999
8027 1002
8028 997
8029 1004
8030 993
8031 1008
8032 993
8033 1008
8034 991
8035 999
8036 1000
8037 1002
8038 996
8039 1006
8040 994
8041 999
8042 999
8043 999
8044 1003
8045 999
8046 998
8047 1003
8048 998
8049 998
8050 1004
8051 992
8052 1004
8053 997
8054 1009
8055 998
8056 991
8057 1000
8058 999
8059 1003
8060 996
8061 1006
8062 993
8063 1003
8064 998
8065 1005
8066 992
8067 1000
8068 998
8069 1004
8070 996
8071 1010
8072 987
8073 1002
8074 1000
8075 1004
8076 994
8077 1002
8078 997
8079 1009
8080 990
8081 999
8082 999
8083 1000
8084 1001
8085 999
8086 999
8087 1000
8088 1002
8089 996
8090 1004
8091 995
8092 1001
8093 999
8094 1005
8095 993
8096 1002
8097 997
8098 1005
8099 993
8100 1003
8101 997
8102 1006
8103 993
8104 1000
8105 999
8106 1001
8107 998
8108 1005
8109 995
8110 998
8111 1002
8112 997
8113 1003
8114 999
8115 995
8116 1001
8117 1000
8118 1002
8119 998
8120 1000
8121 1003
8122 993
8123 1008
8124 993
8125 1007
8126 990
8127 998
8128 1008
8129 994
8130 1007
8131 991
8132 1004
8133 996
8134 1005
8135 994
8136 997
8137 998
8138 1009
8139 994
8140 1009
8141 990
8142 998
8143 1000
8144 1003
8145 997
8146 1005
8147 996
8148 996
8149 1007
8150 994
8151 1003
8152 996
8153 1005
8154 994
8155 998
8156 1002
8157 997
8158 1000
8159 998
8160 1002
8161 998
8162 1004
8163 994
8164 1005
8165 995
8166 1007
8167 993
8168 1000
8169 998
8170 1003
8171 995
8172 1007
8173 993
8174 1000
8175 994
8176 999
8177 1003
8178 997
8179 999
8180 1002
8181 997
8182 1005
8183 993
8184 1010
8185 994
8186 1008
8187 991
8188 999
8189 1001
8190 998
8191 1008
8192 991
8193 999
8194 1001
8195 999
8196 999
8197 1001
8198 1002
8199 997
8200 1004
8201 992
8202 1008
8203 993
8204 1000
8205 1000
8206 1003
8207 995
8208 999
8209 1003
8210 996
8211 1005
8212 994
8213 1002
8214 999
8215 1006
8216 991
8217 999
8218 1002
8219 997
8220 1006
8221 994
8222 997
8223 1007
8224 995
8225 1007
8226 991
8227 1000
8228 999
8229 1003
8230 995
8231 1006
8232 993
8233 1003
8234 998
8235 1006
8236 991
8237 1003
8238 997
8239 1005
8240 995
8241 998
8242 1003
8243 994
8244 1010
8245 991
8246 999
8247 999
8248 1004
8249 995
8250 1005
8251 995
8252 1003
8253 996
8254 1008
8255 991
8256 1002
8257 996
8258 1008
8259 991
8260 1002
8261 998
8262 1002
8263 997
8264 1000
8265 996
8266 1003
8267 998
8268 1006
8269 994
8270 999
8271 999
8272 1001
8273 998
8274 1006
8275 993
8276 1000
8277 1002
8278 996
8279 1006
8280 993
8281 1003
8282 996
8283 1004
8284 998
8285 999
8286 996
8287 1003
8288 998
8289 1005
8290 993
8291 1004
8292 997
8293 1004
8294 995
8295 998
8296 1002
8297 997
8298 1006
8299 992
8300 1001
8301 1000
8302 1001
8303 996
8304 1002
8305 1002
8306 995
8307 1001
8308 997
8309 1007
8310 993
8311 1008
8312 991
8313 999
8314 1001
8315 998
8316 1000
8317 1003
8318 996
8319 1006
8320 993
8321 999
8322 1002
8323 997
8324 1005
8325 995
8326 1001
8327 998
8328 1004
8329 992
8330 1003
8331 998
8332 1006
8333 993
8334 1000
8335 999
8336 1003
8337 995
8338 1008
8339 992
8340 999
8341 1002
8342 1000
8343 1003
8344 994
8345 998
8346 1000
8347 999
8348 1003
8349 998
8350 1001
8351 995
8352 1007
8353 995
8354 1008
8355 990
8356 999
8357 1004
8358 996
8359 1008
8360 992
8361 999
8362 997
8363 1000
8364 1001
8365 1002
8366 995
8367 1007
8368 991
8369 1003
8370 998
8371 1001
8372 997
8373 1001
8374 1008
8375 990
8376 1000
8377 999
8378 999
8379 999
8380 1003
8381 997
8382 1004
8383 995
8384 1004
8385 991
8386 1007
8387 991
8388 1001
8389 1000
8390 1000
8391 1002
8392 997
8393 1003
8394 1002
8395 996
8396 1007
8397 992
8398 1001
8399 998
8400 1002
8401 1002
8402 994
8403 1008
8404 992
8405 999
8406 999
8407 1002
8408 998
8409 1002
8410 1000
8411 998
8412 1003
8413 995
8414 996
8415 1000
8416 1006
8417 995
8418 1007
8419 991
8420 1002
8421 997
8422 1004
8423 995
8424 1004
8425 996
8426 1007
8427 990
8428 1003
8429 998
8430 1003
8431 995
8432 1000
8433 1001
8434 999
8435 1002
8436 994
8437 1006
8438 995
8439 1007
8440 991
8441 999
8442 999
8443 1003
8444 999
8445 1007
8446 990
8447 999
8448 1003
8449 996
8450 1006
8451 994
8452 1002
8453 996
8454 1006
8455 994
8456 1003
8457 993
8458 1008
8459 993
8460 1002
8461 998
8462 1006
8463 993
8464 1000
8465 998
8466 1000
8467 1001
8468 997
8469 1004
8470 996
8471 1002
8472 997
8473 1004
8474 996
8475 998
8476 1002
8477 999
8478 1000
8479 996
8480 1001
8481 999
8482 1004
8483 995
8484 999
8485 1000
8486 1000
8487 999
8488 1002
8489 997
8490 1005
8491 994
8492 999
8493 1004
8494 998
8495 1006
8496 990
8497 1002
8498 997
8499 1004
8500 993
8501 1008
8502 993
8503 1008
8504 991
8505 999
8506 1000
8507 1001
8508 997
8509 1005
8510 995
8511 1003
8512 996
8513 1007
8514 993
8515 998
8516 1002
8517 997
8518 1003
8519 997
8520 999
8521 996
8522 1007
8523 995
8524 1008
8525 992
8526 998
8527 999
8528 1001
8529 998
8530 1000
8531 1001
8532 998
8533 1005
8534 997
8535 997
8536 1003
8537 995
8538 1007
8539 992
8540 1003
8541 998
8542 1000
8543 997
8544 1001
8545 1001
8546 998
8547 999
8548 999
8549 1004
8550 994
8551 1001
8552 999
8553 1002
8554 1000
8555 997
8556 999
8557 1003
8558 995
8559 1000
8560 999
8561 1003
8562 997
8563 1002
8564 1005
8565 992
8566 1002
8567 997
8568 1003
8569 995
8570 999
8571 1007
8572 993
8573 1008
8574 991
8575 999
8576 1001
8577 997
8578 1005
8579 995
8580 1000
8581 1000
8582 999
8583 1001
8584 1010
8585 984
8586 1001
8587 1001
8588 999
8589 1004
8590 996
8591 1001
8592 997
8593 1000
8594 1000
8595 995
8596 999
8597 1002
8598 997
8599 1005
8600 995
8601 1000
8602 1003
8603 993
8604 1006
8605 1000
8606 994
8607 1002
8608 1001
8609 1003
8610 996
8611 1000
8612 1000
8613 1001
8614 998
8615 998
8616 999
8617 1000
8618 999
8619 1004
8620 995
8621 1007
8622 992
8623 1003
8624 997
8625 998
8626 1001
8627 1005
8628 991
8629 1008
8630 994
8631 1009
8632 992
8633 999
8634 1000
8635 997
8636 999
8637 1001
8638 999
8639 999
8640 1002
8641 999
8642 1002
8643 994
8644 1001
8645 1004
8646 995
8647 1006
8648 994
8649 1003
8650 994
8651 1008
8652 991
8653 1005
8654 995
8655 1006
8656 991
8657 1002
8658 998
8659 1004
8660 994
8661 1001
8662 999
8663 999
8664 1001
8665 998
8666 1000
8667 999
8668 1001
8669 999
8670 1000
8671 996
8672 1005
8673 996
8674 1008
8675 991
8676 1000
8677 999
8678 1003
8679 995
8680 1006
8681 994
8682 999
8683 1003
8684 996
8685 1006
8686 993
8687 999
8688 1000
8689 1002
8690 998
8691 1005
8692 990
8693 1007
8694 997
8695 1006
8696 991
8697 1000
8698 1004
8699 994
8700 1008
8701 992
8702 1000
8703 998
8704 1008
8705 991
8706 1002
8707 997
8708 1004
8709 996
8710 999
8711 1001
8712 998
8713 1001
8714 998
8715 1002
8716 997
8717 1007
8718 992
8719 1000
8720 999
8721 999
8722 999
8723 1003
8724 997
8725 1006
8726 993
8727 998
8728 1000
8729 999
8730 1000
8731 999
8732 1002
8733 999
8734 1006
8735 990
8736 1006
8737 995
8738 1007
8739 992
8740 999
8741 1003
8742 996
8743 1005
8744 994
8745 1002
8746 997
8747 1005
8748 994
8749 1002
8750 997
8751 1006
8752 993
8753 1002
8754 999
8755 1004
8756 990
8757 1008
8758 994
8759 1007
8760 992
8761 999
8762 999
8763 1003
8764 998
8765 1006
8766 991
8767 1005
8768 994
8769 1008
8770 992
8771 1000
8772 999
8773 1005
8774 1012
8775 983
8776 997
8777 998
8778 1002
8779 999
8780 1005
8781 994
8782 999
8783 999
8784 1001
8785 998
8786 1004
8787 996
8788 1005
8789 994
8790 1002
8791 996
8792 1007
8793 992
8794 1004
8795 995
8796 1006
8797 995
8798 996
8799 1001
8800 1000
8801 1003
8802 995
8803 1000
8804 1001
8805 995
8806 999
8807 1000
8808 1001
8809 997
8810 1005
8811 993
8812 1001
8813 999
8814 1006
8815 998
8816 1002
8817 996
8818 1004
8819 995
8820 1002
8821 1000
8822 997
8823 1007
8824 992
8825 999
8826 999
8827 1000
8828 999
8829 1000
8830 999
8831 1003
8832 996
8833 1005
8834 995
8835 999
8836 999
8837 1004
8838 997
8839 1002
8840 1002
8841 993
8842 1007
8843 991
8844 1003
8845 997
8846 1005
8847 992
8848 1004
8849 996
8850 1007
8851 992
8852 1004
8853 996
8854 1003
8855 994
8856 1004
8857 995
8858 1001
8859 998
8860 1002
8861 999
8862 999
8863 997
8864 1003
8865 998
8866 1006
8867 993
8868 1000
8869 1003
8870 996
8871 1006
8872 994
8873 1004
8874 996
8875 1005
8876 991
8877 1002
8878 997
8879 1008
8880 991
8881 1004
8882 998
8883 1005
8884 991
8885 1002
8886 997
8887 1008
8888 991
8889 1000
8890 1001
8891 997
8892 1001
8893 999
8894 1003
8895 996
8896 1004
8897 994
8898 1007
8899 992
8900 1002
8901 998
8902 1002
8903 997
8904 1000
8905 1001
8906 995
8907 1002
8908 999
8909 1003
8910 996
8911 999
8912 999
8913 1000
8914 1001
8915 998
8916 1002
8917 998
8918 1004
8919 994
8920 1002
8921 996
8922 1006
8923 994
8924 1000
8925 1002
8926 997
8927 1001
8928 997
8929 1002
8930 997
8931 1004
8932 995
8933 1000
8934 998
8935 1003
8936 998
8937 1006
8938 992
8939 1002
8940 997
8941 1005
8942 996
8943 997
8944 1001
8945 998
8946 1003
8947 997
8948 1000
8949 998
8950 1001
8951 998
8952 1006
8953 994
8954 999
8955 999
8956 999
8957 1004
8958 995
8959 1008
8960 992
8961 1002
8962 996
8963 1007
8964 993
8965 1001
8966 998
8967 1002
8968 997
8969 996
8970 1003
8971 999
8972 1006
8973 993
8974 1000
8975 998
8976 1000
8977 1002
8978 997
8979 1003
8980 996
8981 1000
8982 1002
8983 996
8984 1008
8985 992
8986 999
8987 999
8988 1002
8989 999
8990 1003
8991 992
8992 1007
8993 994
8994 1011
8995 988
8996 1000
8997 999
8998 1003
8999 996
9000 1005
9001 994
9002 1003
9003 996
9004 1008
9005 991
9006 999
9007 1000
9008 1002
9009 997
9010 1002
9011 998
9012 996
9013 1002
9014 1009
9015 986
9016 999
9017 999
9018 1003
9019 997
9020 1006
9021 992
9022 1002
9023 998
9024 1011
9025 992
9026 999
9027 1001
9028 997
9029 1005
9030 995
9031 1000
9032 1002
9033 995
9034 1001
9035 1000
9036 1001
9037 998
9038 1003
9039 995
9040 1000
9041 999
9042 1000
9043 999
9044 1001
9045 998
9046 1002
9047 997
9048 1006
9049 993
9050 999
9051 1003
9052 996
9053 1008
9054 994
9055 995
9056 1007
9057 994
9058 1008
9059 991
9060 999
9061 1004
9062 995
9063 1008
9064 993
9065 998
9066 999
9067 999
9068 1000
9069 1004
9070 996
9071 1006
9072 991
9073 1001
9074 1008
9075 993
9076 1004
9077 993
9078 1002
9079 998
9080 1005
9081 995
9082 996
9083 1000
9084 1004
9085 997
9086 1005
9087 991
9088 1005
9089 995
9090 1005
9091 997
9092 998
9093 1005
9094 995
9095 997
9096 1004
9097 993
9098 1002
9099 999
9100 1001
9101 999
9102 999
9103 999
9104 1004
9105 995
9106 1009
9107 990
9108 1000
9109 1003
9110 997
9111 1004
9112 996
9113 1002
9114 995
9115 1007
9116 992
9117 1001
9118 997
9119 1002
9120 1002
9121 996
9122 1007
9123 990
9124 1003
9125 997
9126 1000
9127 1004
9128 994
9129 1009
9130 991
9131 1002
9132 996
9133 1007
9134 993
9135 998
9136 1000
9137 999
9138 1002
9139 997
9140 1001
9141 997
9142 1003
9143 998
9144 1005
9145 993
9146 1006
9147 993
9148 1009
9149 991
9150 1002
9151 996
9152 1006
9153 993
9154 1000
9155 1003
9156 995
9157 1002
9158 997
9159 1007
9160 993
9161 1002
9162 994
9163 1006
9164 995
9165 1001
9166 998
9167 999
9168 1000
9169 1002
9170 997
9171 1004
9172 995
9173 1001
9174 999
9175 1005
9176 992
9177 1002
9178 998
9179 1003
9180 995
9181 1003
9182 997
9183 1001
9184 998
9185 1000
9186 999
9187 999
9188 1003
9189 997
9190 1002
9191 996
9192 1000
9193 1002
9194 998
9195 1006
9196 991
9197 1007
9198 993
9199 1008
9200 991
9201 998
9202 1003
9203 998
9204 1003
9205 994
9206 1001
9207 999
9208 1003
9209 996
9210 999
9211 1000
9212 999
9213 1003
9214 1004
9215 1000
9216 991
9217 1001
9218 998
9219 1004
9220 994
9221 1004
9222 996
9223 1006
9224 996
9225 993
9226 996
9227 1007
9228 995
9229 1008
9230 991
9231 999
9232 1002
9233 996
9234 1017
9235 987
9236 1003
9237 997
9238 1007
9239 990
9240 1003
9241 996
9242 1007
9243 993
9244 1005
9245 995
9246 1009
9247 987
9248 1005
9249 996
9250 1008
9251 991
9252 1001
9253 999
9254 1003
9255 995
9256 999
9257 1001
9258 998
9259 1004
9260 995
9261 1004
9262 995
9263 1007
9264 994
9265 997
9266 1002
9267 999
9268 999
9269 998
9270 1002
9271 997
9272 1005
9273 994
9274 1001
9275 999
9276 1002
9277 997
9278 1007
9279 992
9280 1002
9281 996
9282 1004
9283 995
9284 1003
9285 997
9286 1004
9287 993
9288 1007
9289 993
9290 1005
9291 994
9292 1001
9293 998
9294 1001
9295 998
9296 1000
9297 1002
9298 997
9299 1002
9300 998
9301 998
9302 1003
9303 996
9304 1001
9305 998
9306 1000
9307 999
9308 999
9309 1008
9310 993
9311 1004
9312 992
9313 1001
9314 1001
9315 1003
9316 994
9317 1011
9318 992
9319 1006
9320 991
9321 1003
9322 992
9323 1009
9324 994
9325 1009
9326 994
9327 1001
9328 991
9329 1004
9330 996
9331 1007
9332 990
9333 1012
9334 990
9335 1005
9336 992
9337 1002
9338 997
9339 1006
9340 994
9341 1010
9342 989
9343 1002
9344 1006
9345 990
9346 999
9347 1001
9348 999
9349 1012
9350 988
9351 999
9352 1002
9353 995
9354 1014
9355 985
9356 1002
9357 1010
9358 996
9359 991
9360 1002
9361 998
9362 1006
9363 991
9364 1015
9365 998
9366 986
9367 1004
9368 994
9369 1007
9370 995
9371 997
9372 1000
9373 1003
9374 1030
9375 964
9376 1004
9377 996
9378 1005
9379 995
9380 1006
9381 993
9382 999
9383 1001
9384 1023
9385 975
9386 999
9387 1002
9388 996
9389 1003
9390 997
9391 1002
9392 997
9393 1005
9394 1018
9395 975
9396 1004
9397 993
9398 1001
9399 1000
9400 1006
9401 993
9402 1002
9403 996
9404 1040
9405 961
9406 998
9407 999
9408 1002
9409 998
9410 999
9411 1002
9412 997
9413 1006
9414 1024
9415 969
9416 999
9417 1003
9418 994
9419 1009
9420 992
9421 1005
9422 994
9423 1008
9424 1021
9425 970
9426 999
9427 1003
9428 996
9429 1007
9430 992
9431 1002
9432 996
9433 1005
9434 995
9435 996
9436 999
9437 1002
9438 997
9439 1000
9440 997
9441 1006
9442 995
9443 1007
9444 991
9445 1005
9446 998
9447 1002
9448 997
9449 1001
9450 998
9451 999
9452 1008
9453 992
9454 1000
9455 1001
9456 997
9457 1002
9458 997
9459 1005
9460 995
9461 1000
9462 998
9463 1001
9464 998
9465 1004
9466 995
9467 1008
9468 991
9469 1003
9470 996
9471 1005
9472 993
9473 1003
9474 997
9475 1001
9476 997
9477 1002
9478 998
9479 1002
9480 997
9481 1007
9482 990
9483 1009
9484 991
9485 1008
9486 992
9487 1007
9488 991
9489 1003
9490 997
9491 1004
9492 993
9493 1004
9494 997
9495 1007
9496 991
9497 1003
9498 995
9499 1008
9500 992
9501 1002
9502 1000
9503 1000
9504 994
9505 1007
9506 995
9507 1007
9508 992
9509 999
9510 1000
9511 999
9512 998
9513 1002
9514 998
9515 1007
9516 992
9517 1000
9518 999
9519 999
9520 1002
9521 997
9522 1002
9523 998
9524 1001
9525 997
9526 1008
9527 991
9528 1002
9529 997
9530 1005
9531 994
9532 1003
9533 997
9534 1004
9535 995
9536 998
9537 999
9538 1000
9539 1002
9540 997
9541 1004
9542 996
9543 999
9544 1002
9545 999
9546 1003
9547 992
9548 1007
9549 994
9550 1007
9551 992
9552 999
9553 1000
9554 1002
9555 998
9556 1006
9557 996
9558 996
9559 1003
9560 998
9561 1003
9562 991
9563 1002
9564 998
9565 1010
9566 989
9567 997
9568 1003
9569 999
9570 1005
9571 994
9572 1000
9573 1011
9574 992
9575 1005
9576 990
9577 1001
9578 998
9579 1005
9580 994
9581 1010
9582 993
9583 1004
9584 991
9585 1003
9586 996
9587 1007
9588 992
9589 1010
9590 991
9591 1001
9592 997
9593 1000
9594 997
9595 1001
9596 998
9597 1012
9598 988
9599 1004
9600 994
9601 1003
9602 998
9603 1006
9604 991
9605 1019
9606 990
9607 1000
9608 991
9609 1000
9610 994
9611 1003
9612 999
9613 1006
9614 994
9615 1000
9616 998
9617 999
9618 999
9619 1000
9620 1002
9621 998
9622 1007
9623 991
9624 1003
9625 1006
9626 998
9627 991
9628 1002
9629 997
9630 1009
9631 987
9632 1003
9633 1000
9634 1005
9635 995
9636 998
9637 998
9638 1004
9639 996
9640 1006
9641 992
9642 1003
9643 997
9644 1005
9645 994
9646 998
9647 996
9648 1006
9649 993
9650 1003
9651 996
9652 1005
9653 991
9654 1004
9655 1004
9656 1000
9657 997
9658 1000
9659 1000
9660 999
9661 1001
9662 998
9663 1005
9664 994
9665 1004
9666 994
9667 1009
9668 990
9669 1001
9670 1002
9671 996
9672 1005
9673 995
9674 997
9675 1001
9676 1000
9677 1001
9678 998
9679 1005
9680 994
9681 999
9682 998
9683 1004
9684 996
9685 1002
9686 997
9687 999
9688 1000
9689 1003
9690 996
9691 1006
9692 993
9693 1003
9694 997
9695 1001
9696 995
9697 1003
9698 997
9699 1003
9700 997
9701 999
9702 1003
9703 995
9704 1003
9705 999
9706 1002
9707 995
9708 1001
9709 998
9710 1001
9711 998
9712 1002
9713 997
9714 1003
9715 998
9716 998
9717 1000
9718 998
9719 1006
9720 994
9721 1002
9722 996
9723 1000
9724 1000
9725 1003
9726 996
9727 1000
9728 998
9729 1001
9730 998
9731 1001
9732 998
9733 1000
9734 1003
9735 997
9736 1002
9737 997
9738 998
9739 998
9740 1005
9741 995
9742 1001
9743 999
9744 999
9745 1000
9746 1000
9747 998
9748 1000
9749 999
9750 1003
9751 996
9752 1003
9753 996
9754 999
9755 1001
9756 999
9757 1004
9758 996
9759 1006
9760 989
9761 1007
9762 995
9763 1008
9764 991
9765 1000
9766 1000
9767 999
9768 1002
9769 996
9770 1006
9771 993
9772 999
9773 999
9774 1002
9775 999
9776 999
9777 999
9778 1003
9779 996
9780 1004
9781 993
9782 1007
9783 993
9784 1009
9785 992
9786 999
9787 999
9788 999
9789 999
9790 1004
9791 996
9792 1008
9793 991
9794 1002
9795 999
9796 1006
9797 991
9798 1007
9799 993
9800 1009
9801 992
9802 993
9803 1002
9804 999
9805 1007
9806 992
9807 999
9808 1003
9809 997
9810 1007
9811 992
9812 1001
9813 998
9814 1003
9815 998
9816 998
9817 1002
9818 997
9819 1005
9820 994
9821 1000
9822 1002
9823 997
9824 1004
9825 994
9826 999
9827 1003
9828 996
9829 1005
9830 996
9831 1001
9832 999
9833 1002
9834 994
9835 1001
9836 999
9837 998
9838 1004
9839 995
9840 1005
9841 995
9842 1003
9843 996
9844 1007
9845 990
9846 1002
9847 1000
9848 1004
9849 994
9850 1004
9851 995
9852 1006
9853 992
9854 1001
9855 1000
9856 994
9857 999
9858 1000
9859 1001
9860 999
9861 1002
9862 996
9863 999
9864 1002
9865 1012
9866 987
9867 999
9868 1001
9869 1000
9870 1000
9871 999
9872 1000
9873 999
9874 1000
9875 1001
9876 998
9877 999
9878 1000
9879 999
9880 999
9881 1002
9882 998
9883 1006
9884 992
9885 1008
9886 993
9887 1008
9888 988
9889 1001
9890 999
9891 1006
9892 993
9893 1004
9894 995
9895 1011
9896 988
9897 999
9898 1000
9899 1003
9900 995
9901 1008
9902 995
9903 996
9904 1002
9905 999
9906 999
9907 998
9908 1003
9909 994
9910 1006
9911 995
9912 1003
9913 996
9914 1004
9915 996
9916 999
9917 1002
9918 997
9919 1006
9920 992
9921 1000
9922 999
9923 1000
9924 1003
9925 997
9926 1006
9927 991
9928 1002
9929 999
9930 1002
9931 994
9932 1007
9933 993
9934 1009
9935 992
9936 999
9937 999
9938 999
9939 1000
9940 1002
9941 997
9942 1003
9943 996
9944 1001
9945 999
9946 1006
9947 991
9948 999
9949 1000
9950 1002
9951 997
9952 1001
9953 1002
9954 995
9955 1010
9956 990
9957 999
9958 1000
9959 999
9960 1001
9961 998
9962 1003
9963 996
9964 1000
9965 1000
9966 1002
9967 996
9968 1006
9969 993
9970 1002
9971 997
9972 1007
9973 990
9974 1003
9975 999
9976 1007
9977 991
9978 999
9979 1000
9980 999
9981 1002
9982 997
9983 1005
9984 994
9985 1001
9986 997
9987 1003
9988 997
9989 1006
9990 993
9991 999
9992 1002
9993 999
9994 1003
9995 994
9996 1001
9997 998
9998 1007
