00038 0
 00112 1
 00188 0
 00262 0
 00338 0
 00412 0
 00488 0
 00562 0
 00638 0
 00712 0
 00788 0
 00862 0
 00938 24
 01012 9974
 01088 0
 01162 0
 01238 0
 01312 0
 01388 0
 01462 0
 01538 0
 01612 0
 01688 0
 01762 0
 01838 0
 01912 0
 01988 0
 02062 0
 02138 0
 02212 0
 02288 0
 02362 0
 02438 0
 02512 0
 02588 0
 02662 0
 02738 0
 02812 0
 02888 0
 02962 0
 03038 0
 03112 0
 03188 0
 03262 0
 03338 0
 03412 0
 03488 0
 03562 0
 03638 0
 03712 0
 03788 0
 03862 0
 03938 0
 04012 0
 04088 0
 04162 0
 04238 0
 04312 0
 04388 0
 04462 0
 04538 0
 04612 0
 04688 0
 04762 0
 04838 0
 04912 0
 04988 0
 05062 0
 05138 0
 05212 0
 05288 0
 05362 0
 05438 0
 05512 0
 05588 0
 05662 0
 05738 0
 05812 0
 05888 0
 05962 0
 06038 0
 06112 0
 06188 0
 06262 0
 06338 0
 06412 0
 06488 0
 06562 0
 06638 0
 06712 0
 06788 0
 06862 0
 06938 0
 07012 0
 07088 0
 07162 0
 07238 0
 07312 0
 07388 0
 07462 0
 07538 0
 07612 0
 07688 0
 07762 0
 07838 0
 07912 0
 07988 0
 08062 0
 08138 0
 08212 0
 08288 0
 08362 0
 08438 0
 08512 0
 08588 0
 08662 0
 08738 0
 08812 0
 08888 0
 08962 0
 09038 0
 09112 0
 09188 0
 09262 0
 09338 0
 09412 0
 09488 0
 09562 0
 09638 0
 09712 0
 09788 0
 09862 0
 09938 0
 10012 0
 10088 0
 10162 0
 10238 0
 10312 0
 10388 0
 10462 0
 10538 0
 10612 0
 10688 0
 10762 0
 10838 0
 10912 0
 10988 0
 11062 0
 11138 0
 11212 0
 11288 0
 11362 0
 11438 0
 11512 0
 11588 0
 11662 0
 11738 0
 11812 0
 11888 0
 11962 0
 12038 0
 12112 0
 12188 0
 12262 0
 12338 0
 12412 0
 12488 0
 12562 0
 12638 0
 12712 0
 12788 0
 12862 0
 12938 0
 13012 0
 13088 0
 13162 0
 13238 0
 13312 0
 13388 0
 13462 0
 13538 0
 13612 0
 13688 0
 13762 0
 13838 0
 13912 0
 13988 0
 14062 0
 14138 0
 14212 0
 14288 0
 14362 0
 14438 0
 14512 0
 14588 0
 14662 0
 14738 0
 14812 0
 14888 0
 14962 0
 